348
4	1
0	1	1	1	-1	0
1	3	0	2	3	3	-1	0
0	1	1	1	-1	0
0	1	1	1	-1	0
21	1
1	4	1	2	8	15	4	-1	0
0	1	0	1	-1	0
1	4	0	3	4	17	4	-1	0
0	1	2	1	-1	0
1	3	2	5	6	3	-1	0
2	1	4	1	-1	0
1	4	4	7	8	19	4	-1	0
0	1	6	1	-1	0
1	4	0	6	9	10	4	-1	0
0	1	8	1	-1	0
1	4	8	11	12	19	4	-1	0
0	1	10	1	-1	0
1	4	10	13	14	15	4	-1	0
0	1	12	1	-1	0
0	1	12	1	-1	0
1	4	0	12	16	17	4	-1	0
0	1	15	1	-1	0
1	4	2	15	18	19	4	-1	0
0	1	17	1	-1	0
1	4	6	10	17	20	4	-1	0
0	1	19	1	-1	0
5	1
1	2	1	2	2	-1	0
0	1	0	1	-1	0
1	3	0	3	4	3	-1	0
0	1	2	1	-1	0
0	1	2	1	-1	0
12	-1
3	1	1	1	-1	0
4	4	0	2	4	6	4	-1	0
2	2	1	3	2	-1	0
1	1	2	1	-1	0
2	2	1	5	2	-1	0
1	1	4	1	-1	0
3	2	1	7	2	-1	0
1	2	6	8	2	-1	0
1	3	7	9	10	3	-1	0
2	1	8	1	-1	0
5	2	8	11	2	-1	0
1	1	10	1	-1	0
13	1
2	1	1	1	-1	0
1	3	0	2	3	3	-1	0
2	1	1	1	-1	0
1	2	1	4	2	-1	0
5	3	3	5	9	3	-1	0
1	2	4	6	2	-1	0
1	3	5	7	8	3	-1	0
2	1	6	1	-1	0
2	1	6	1	-1	0
1	2	4	10	2	-1	0
1	3	9	11	12	3	-1	0
2	1	10	1	-1	0
2	1	10	1	-1	0
16	-1
5	3	1	6	11	3	-1	0
1	2	0	2	2	-1	0
1	3	1	3	4	3	-1	0
2	1	2	1	-1	0
2	2	2	5	2	-1	0
6	1	4	1	0	0
1	2	0	7	2	-1	0
1	3	6	8	9	3	-1	0
2	1	7	1	-1	0
2	2	7	10	2	-1	0
6	1	9	1	0	0
1	2	0	12	2	-1	0
1	3	11	13	14	3	-1	0
2	1	12	1	-1	0
2	2	12	15	2	-1	0
6	1	14	1	0	0
15	-1
1	2	1	5	2	-1	1
1	2	0	2	2	-1	1
1	2	1	3	2	-1	1
1	2	2	4	2	-1	1
1	3	3	5	6	3	-1	1
1	2	0	4	2	-1	1
1	2	4	7	2	-1	0
1	2	6	8	2	-1	0
5	2	7	9	2	-1	0
1	3	8	10	11	3	-1	0
5	1	9	1	-1	0
5	2	9	12	2	-1	0
1	3	11	13	14	3	-1	0
5	1	12	1	-1	0
5	1	12	1	-1	0
18	1
1	3	1	2	13	3	-1	0
0	1	0	1	-1	0
1	3	0	3	4	3	-1	0
0	1	2	1	-1	0
1	4	2	5	6	15	4	-1	0
0	1	4	1	-1	0
1	3	4	7	12	3	-1	0
1	2	6	8	2	-1	0
1	3	7	9	10	3	-1	0
0	1	8	1	-1	0
1	3	8	11	12	3	-1	0
0	1	10	1	-1	0
1	3	6	10	13	3	-1	0
1	4	0	12	14	15	4	-1	0
0	1	13	1	-1	0
1	4	4	13	16	17	4	-1	0
0	1	15	1	-1	0
0	1	15	1	-1	0
17	1
0	1	1	1	-1	0
1	4	0	2	13	14	4	-1	0
1	3	1	3	4	3	-1	0
0	1	2	1	-1	0
1	3	2	5	6	3	-1	0
0	1	4	1	-1	0
1	4	4	7	8	14	4	-1	0
0	1	6	1	-1	0
1	3	6	9	13	3	-1	0
1	2	8	10	2	-1	0
1	2	9	11	2	-1	0
1	3	10	12	13	3	-1	0
0	1	11	1	-1	0
1	3	1	8	11	3	-1	0
1	4	1	6	15	16	4	-1	0
0	1	14	1	-1	0
0	1	14	1	-1	0
11	-1
4	4	1	2	4	6	4	-1	0
2	1	0	1	-1	0
2	2	0	3	2	-1	0
1	1	2	1	-1	0
2	2	0	5	2	-1	0
1	1	4	1	-1	0
2	2	0	7	2	-1	0
1	2	6	8	2	-1	0
1	3	7	9	10	3	-1	0
0	1	8	1	-1	0
0	1	8	1	-1	0
23	-1
1	2	1	12	2	-1	0
1	2	0	2	2	-1	0
5	3	1	3	7	3	-1	0
1	2	2	4	2	-1	0
1	3	3	5	6	3	-1	0
2	1	4	1	-1	0
2	1	4	1	-1	0
1	2	2	8	2	-1	0
1	3	7	9	10	3	-1	0
2	1	8	1	-1	0
2	2	8	11	2	-1	0
6	1	10	1	0	0
5	3	0	13	18	3	-1	0
1	2	12	14	2	-1	0
1	3	13	15	16	3	-1	0
2	1	14	1	-1	0
2	2	14	17	2	-1	0
6	1	16	1	0	0
1	2	12	19	2	-1	0
1	3	18	20	21	3	-1	0
2	1	19	1	-1	0
2	2	19	22	2	-1	0
6	1	21	1	0	0
19	-1
1	4	1	2	8	12	4	-1	0
0	1	0	1	-1	0
1	3	0	3	4	3	-1	0
0	1	2	1	-1	0
1	3	2	5	6	3	-1	0
0	1	4	1	-1	0
1	4	4	7	8	11	4	-1	0
0	1	6	1	-1	0
1	4	0	6	9	10	4	-1	0
0	1	8	1	-1	0
0	1	8	1	-1	0
1	3	6	12	15	3	-1	0
1	3	0	11	13	3	-1	0
1	3	12	14	18	3	-1	0
1	2	13	15	2	-1	0
1	3	11	14	16	3	-1	0
1	3	15	17	18	3	-1	0
2	2	16	18	2	-1	0
1	3	13	16	17	3	-1	0
6	1
1	3	1	2	3	3	-1	0
0	1	0	1	-1	0
0	1	0	1	-1	0
1	3	0	4	5	3	-1	0
0	1	3	1	-1	0
0	1	3	1	-1	0
12	-1
1	3	1	2	10	3	-1	0
0	1	0	1	-1	0
1	3	0	3	4	3	-1	0
0	1	2	1	-1	0
1	3	2	5	6	3	-1	0
0	1	4	1	-1	0
1	3	4	7	8	3	-1	0
0	1	6	1	-1	0
1	3	6	9	10	3	-1	0
0	1	8	1	-1	0
1	3	0	8	11	3	-1	0
0	1	10	1	-1	0
16	1
3	2	1	12	2	-1	0
5	3	0	2	10	3	-1	0
1	3	1	3	4	3	-1	0
2	1	2	1	-1	0
1	3	2	5	9	3	-1	0
1	2	4	6	2	-1	0
1	2	5	7	2	-1	0
1	2	6	8	2	-1	0
1	2	7	9	2	-1	0
1	3	4	8	10	3	-1	0
1	3	1	9	11	3	-1	0
2	1	10	1	-1	0
1	4	0	13	14	15	4	-1	0
0	1	12	1	-1	0
0	1	12	1	-1	0
0	1	12	1	-1	0
18	-1
1	1	1	1	-1	0
1	2	0	2	2	-1	0
5	3	1	3	5	3	-1	0
1	2	2	4	2	-1	0
1	1	3	1	-1	0
1	3	2	6	7	3	-1	0
2	1	5	1	-1	0
1	3	5	8	9	3	-1	0
0	1	7	1	-1	0
1	3	7	10	11	3	-1	0
1	1	9	1	-1	0
2	2	9	12	2	-1	0
4	4	11	13	14	16	4	-1	0
2	1	12	1	-1	0
2	2	12	15	2	-1	0
1	1	14	1	-1	0
2	2	12	17	2	-1	0
1	1	16	1	-1	0
19	-1
1	4	1	2	8	14	4	-1	0
0	1	0	1	-1	0
1	3	0	3	4	3	-1	0
0	1	2	1	-1	0
1	4	2	5	6	16	4	-1	0
0	1	4	1	-1	0
1	3	4	7	13	3	-1	0
1	3	6	8	12	3	-1	0
1	3	0	7	9	3	-1	0
1	3	8	10	13	3	-1	0
1	3	9	11	12	3	-1	0
2	2	10	12	2	-1	0
1	3	7	10	11	3	-1	0
1	3	6	9	14	3	-1	0
1	4	0	13	15	16	4	-1	0
0	1	14	1	-1	0
1	4	4	14	17	18	4	-1	0
0	1	16	1	-1	0
0	1	16	1	-1	0
16	1
1	3	1	2	6	3	-1	0
2	1	0	1	-1	0
5	2	0	3	2	-1	0
1	3	2	4	5	3	-1	0
1	1	3	1	-1	0
1	1	3	1	-1	0
1	3	0	7	15	3	-1	1
1	2	6	8	2	-1	1
1	2	7	9	2	-1	1
1	3	8	10	14	3	-1	1
1	2	9	11	2	-1	0
5	2	10	12	2	-1	0
5	2	11	13	2	-1	0
1	1	12	1	-1	0
1	2	9	15	2	-1	1
1	2	6	14	2	-1	1
17	-1
3	4	1	2	3	10	4	-1	0
2	1	0	1	-1	0
2	1	0	1	-1	0
1	3	0	4	9	3	-1	1
1	2	3	5	2	-1	1
1	2	4	6	2	-1	1
1	3	5	7	8	3	-1	1
5	1	6	1	-1	0
1	2	6	9	2	-1	1
1	2	3	8	2	-1	1
1	3	0	11	16	3	-1	1
1	2	10	12	2	-1	1
1	2	11	13	2	-1	1
1	3	12	14	15	3	-1	1
5	1	13	1	-1	0
1	2	13	16	2	-1	1
1	2	10	15	2	-1	1
18	-1
1	4	1	2	8	12	4	-1	0
0	1	0	1	-1	0
1	3	0	3	4	3	-1	0
0	1	2	1	-1	0
1	3	2	5	6	3	-1	0
0	1	4	1	-1	0
1	4	4	7	8	11	4	-1	0
0	1	6	1	-1	0
1	4	0	6	9	10	4	-1	0
0	1	8	1	-1	0
0	1	8	1	-1	0
1	3	6	12	16	3	-1	0
1	3	0	11	13	3	-1	0
1	3	12	14	17	3	-1	0
1	2	13	15	2	-1	0
1	2	14	16	2	-1	0
1	3	11	15	17	3	-1	0
1	2	13	16	2	-1	0
19	-1
0	1	1	1	-1	0
1	3	0	2	14	3	-1	0
1	3	1	3	4	3	-1	0
0	1	2	1	-1	0
1	4	2	5	6	16	4	-1	0
0	1	4	1	-1	0
1	3	4	7	13	3	-1	0
1	3	6	8	12	3	-1	0
1	2	7	9	2	-1	0
1	3	8	10	13	3	-1	0
1	3	9	11	12	3	-1	0
2	2	10	12	2	-1	0
1	3	7	10	11	3	-1	0
1	3	6	9	14	3	-1	0
1	4	1	13	15	16	4	-1	0
0	1	14	1	-1	0
1	4	4	14	17	18	4	-1	0
0	1	16	1	-1	0
0	1	16	1	-1	0
13	-1
1	3	1	2	3	3	-1	0
2	1	0	1	-1	0
2	1	0	1	-1	0
1	3	0	4	11	3	-1	1
5	2	3	5	2	-1	1
1	3	4	6	7	3	-1	1
0	1	5	1	-1	0
1	3	5	8	9	3	-1	1
0	1	7	1	-1	0
1	3	7	10	11	3	-1	1
5	1	9	1	-1	0
1	3	3	9	12	3	-1	1
0	1	11	1	-1	0
19	-1
1	3	1	7	14	3	-1	0
1	2	0	2	2	-1	0
1	3	1	3	4	3	-1	0
2	1	2	1	-1	0
2	2	2	5	2	-1	0
1	2	4	6	2	-1	0
1	1	5	1	-1	0
3	2	0	8	2	-1	0
4	4	7	9	10	12	4	-1	0
3	1	8	1	-1	0
2	2	8	11	2	-1	0
1	1	10	1	-1	0
2	2	8	13	2	-1	0
1	1	12	1	-1	0
1	3	0	15	16	3	-1	0
2	1	14	1	-1	0
2	2	14	17	2	-1	0
1	2	16	18	2	-1	0
1	1	17	1	-1	0
12	1
1	2	1	8	2	-1	1
1	3	0	2	3	3	-1	1
0	1	1	1	-1	0
1	2	1	4	2	-1	1
1	3	3	5	6	3	-1	1
5	1	4	1	-1	0
1	3	4	7	8	3	-1	1
0	1	6	1	-1	0
1	3	0	6	9	3	-1	1
1	3	8	10	11	3	-1	0
2	1	9	1	-1	0
2	1	9	1	-1	0
18	1
1	2	1	7	2	-1	1
1	2	0	2	2	-1	1
1	3	1	3	4	3	-1	1
0	1	2	1	-1	0
1	2	2	5	2	-1	1
1	3	4	6	7	3	-1	1
0	1	5	1	-1	0
1	3	0	5	8	3	-1	1
2	2	7	9	2	-1	0
1	3	8	10	14	3	-1	1
1	2	9	11	2	-1	1
1	2	10	12	2	-1	1
1	3	11	13	15	3	-1	1
1	2	12	14	2	-1	1
1	2	9	13	2	-1	1
5	3	12	16	17	3	0	0
2	1	15	1	-1	0
2	1	15	1	0	0
6	1
1	3	1	2	3	3	-1	0
0	1	0	1	-1	0
0	1	0	1	-1	0
1	3	0	4	5	3	-1	0
0	1	3	1	-1	0
0	1	3	1	-1	0
6	1
1	3	1	2	4	3	-1	0
7	1	0	1	-1	0
1	2	0	3	2	-1	0
7	1	2	1	-1	0
1	2	0	5	2	-1	0
0	1	4	1	-1	0
20	1
2	1	1	1	0	0
5	3	0	2	3	3	0	0
2	1	1	1	-1	0
1	3	1	4	19	3	-1	1
1	3	3	5	6	3	-1	1
1	1	4	1	-1	0
1	2	4	7	2	-1	1
1	2	6	8	2	-1	1
1	3	7	9	19	3	-1	1
1	3	8	10	11	3	-1	0
2	1	9	1	-1	0
1	3	9	12	16	3	-1	1
1	2	11	13	2	-1	1
1	2	12	14	2	-1	1
1	2	13	15	2	-1	1
1	2	14	16	2	-1	1
1	3	11	15	17	3	-1	1
1	3	16	18	19	3	-1	0
2	1	17	1	-1	0
1	3	3	8	17	3	-1	1
44	-1
0	1	1	1	-1	0
1	3	0	2	6	3	-1	1
1	2	1	3	2	-1	1
1	3	2	4	22	3	-1	1
1	2	3	5	2	-1	1
1	2	4	6	2	-1	1
1	3	1	5	7	3	-1	1
5	2	6	8	2	-1	0
5	2	7	9	2	-1	0
1	3	8	10	13	3	-1	0
1	3	9	11	12	3	-1	0
1	1	10	1	-1	0
2	1	10	1	-1	0
1	3	9	14	15	3	-1	0
2	1	13	1	-1	0
5	2	13	16	2	-1	0
1	3	15	17	21	3	-1	1
1	2	16	18	2	-1	1
1	2	17	19	2	-1	1
1	2	18	20	2	-1	1
1	2	19	21	2	-1	1
1	2	16	20	2	-1	1
1	3	3	23	43	3	-1	1
1	2	22	24	2	-1	1
1	2	23	25	2	-1	1
1	3	24	26	41	3	-1	1
5	2	25	27	2	-1	0
5	2	26	28	2	-1	0
1	3	27	29	32	3	-1	0
1	3	28	30	31	3	-1	0
1	1	29	1	-1	0
2	1	29	1	-1	0
1	3	28	33	34	3	-1	0
2	1	32	1	-1	0
5	2	32	35	2	-1	0
1	3	34	36	40	3	-1	1
1	2	35	37	2	-1	1
1	2	36	38	2	-1	1
1	2	37	39	2	-1	1
1	2	38	40	2	-1	1
1	2	35	39	2	-1	1
1	3	25	42	43	3	-1	1
0	1	41	1	-1	0
1	2	22	41	2	-1	1
18	-1
2	1	1	1	-1	0
1	3	0	2	7	3	-1	0
5	2	1	3	2	-1	0
1	2	2	4	2	-1	0
1	2	3	5	2	-1	0
1	2	4	6	2	-1	0
1	1	5	1	-1	0
5	2	1	8	2	-1	0
3	4	7	9	10	11	4	-1	0
2	1	8	1	-1	0
2	1	8	1	-1	0
1	3	8	12	17	3	-1	1
1	2	11	13	2	-1	1
1	2	12	14	2	-1	1
1	3	13	15	16	3	-1	1
1	1	14	1	-1	0
1	2	14	17	2	-1	1
1	2	11	16	2	-1	1
14	1
1	2	1	3	2	-1	0
1	2	0	2	2	-1	0
0	1	1	1	-1	0
5	3	0	4	8	3	-1	0
1	2	3	5	2	-1	0
1	2	4	6	2	-1	0
1	2	5	7	2	-1	0
2	2	6	8	2	-1	0
4	4	3	7	9	10	4	-1	0
2	1	8	1	-1	0
5	2	8	11	2	-1	0
1	2	10	12	2	-1	0
1	2	11	13	2	-1	0
0	1	12	1	-1	0
19	1
2	1	1	1	-1	0
4	4	0	2	4	6	4	-1	0
2	2	1	3	2	-1	0
1	1	2	1	-1	0
2	2	1	5	2	-1	0
1	1	4	1	-1	0
2	2	1	7	2	-1	0
1	3	6	8	10	3	-1	0
1	2	7	9	2	-1	0
0	1	8	1	-1	0
1	3	7	11	17	3	-1	1
1	2	10	12	2	-1	1
1	3	11	13	14	3	-1	1
0	1	12	1	-1	0
1	3	12	15	16	3	-1	1
0	1	14	1	-1	0
1	2	14	17	2	-1	1
1	3	10	16	18	3	-1	1
0	1	17	1	-1	0
23	1
1	3	1	5	20	3	-1	1
1	2	0	2	2	-1	1
1	3	1	3	16	3	-1	1
1	2	2	4	2	-1	1
1	3	3	5	13	3	-1	1
1	3	0	4	6	3	-1	1
5	3	5	7	10	3	-1	0
1	2	6	8	2	-1	0
1	2	7	9	2	-1	0
1	1	8	1	-1	0
1	2	6	11	2	-1	0
1	2	10	12	2	-1	0
1	1	11	1	-1	0
5	3	4	14	15	3	0	0
2	1	13	1	-1	0
2	1	13	1	0	0
1	4	2	17	18	19	4	-1	0
8	1	16	1	-1	0
8	1	16	1	-1	0
8	1	16	1	-1	0
5	3	0	21	22	3	0	0
2	1	20	1	-1	0
2	1	20	1	0	0
21	-1
1	3	1	9	17	3	-1	0
1	3	0	2	8	3	-1	1
1	2	1	3	2	-1	1
1	2	2	4	2	-1	1
1	3	3	5	7	3	-1	1
2	2	4	6	2	-1	0
1	1	5	1	-1	0
1	2	4	8	2	-1	1
1	2	1	7	2	-1	1
1	3	0	10	16	3	-1	1
1	2	9	11	2	-1	1
1	2	10	12	2	-1	1
1	3	11	13	15	3	-1	1
2	2	12	14	2	-1	0
1	1	13	1	-1	0
1	2	12	16	2	-1	1
1	2	9	15	2	-1	1
1	4	0	18	19	20	4	-1	0
0	1	17	1	-1	0
0	1	17	1	-1	0
0	1	17	1	-1	0
10	-1
1	2	1	6	2	-1	1
1	2	0	2	2	-1	1
1	2	1	3	2	-1	1
1	2	2	4	2	-1	1
1	3	3	5	6	3	-1	1
5	1	4	1	-1	0
1	3	0	4	7	3	-1	1
1	3	6	8	9	3	-1	0
2	1	7	1	-1	0
2	1	7	1	-1	0
14	-1
1	3	1	2	11	3	-1	1
0	1	0	1	-1	0
1	3	0	3	4	3	-1	1
0	1	2	1	-1	0
1	3	2	5	6	3	-1	1
0	1	4	1	-1	0
1	3	4	7	9	3	-1	1
1	2	6	8	2	-1	0
5	1	7	1	-1	0
1	3	6	10	11	3	-1	1
0	1	9	1	-1	0
1	3	0	9	12	3	-1	1
1	2	11	13	2	-1	0
5	1	12	1	-1	0
17	1
1	3	1	2	7	3	-1	0
2	1	0	1	-1	0
1	3	0	3	5	3	-1	0
1	2	2	4	2	-1	0
2	1	3	1	-1	0
2	2	2	6	2	-1	0
1	3	5	7	9	3	-1	0
1	3	0	6	8	3	-1	0
2	1	7	1	-1	0
5	3	6	10	15	3	-1	0
1	2	9	11	2	-1	0
5	2	10	12	2	-1	0
1	3	11	13	14	3	-1	0
5	1	12	1	-1	0
5	2	12	15	2	-1	0
1	3	9	14	16	3	-1	0
2	1	15	1	-1	0
17	-1
3	4	1	2	3	10	4	-1	0
2	1	0	1	-1	0
2	1	0	1	-1	0
5	2	0	4	2	-1	0
1	3	3	5	6	3	-1	0
2	1	4	1	-1	0
5	2	4	7	2	-1	0
1	2	6	8	2	-1	0
1	2	7	9	2	-1	0
1	1	8	1	-1	0
1	3	0	11	16	3	-1	1
1	2	10	12	2	-1	1
1	2	11	13	2	-1	1
1	3	12	14	15	3	-1	1
0	1	13	1	-1	0
1	2	13	16	2	-1	1
1	2	10	15	2	-1	1
11	-1
1	3	1	2	3	3	-1	0
5	1	0	1	-1	0
3	1	0	1	-1	0
1	3	0	4	10	3	-1	1
1	2	3	5	2	-1	1
1	2	4	6	2	-1	1
5	2	5	7	2	-1	1
1	3	6	8	10	3	-1	1
1	2	7	9	2	-1	0
1	1	8	1	-1	0
1	2	3	7	2	-1	1
15	1
3	2	1	8	2	-1	0
1	3	0	2	7	3	-1	1
1	2	1	3	2	-1	1
1	2	2	4	2	-1	1
1	3	3	5	6	3	-1	1
5	1	4	1	-1	0
1	2	4	7	2	-1	1
1	2	1	6	2	-1	1
1	3	0	9	14	3	-1	1
1	2	8	10	2	-1	1
1	2	9	11	2	-1	1
1	3	10	12	13	3	-1	1
5	1	11	1	-1	0
1	2	11	14	2	-1	1
1	2	8	13	2	-1	1
22	-1
1	2	1	5	2	-1	1
1	2	0	2	2	-1	1
1	3	1	3	9	3	-1	1
1	2	2	4	2	-1	1
1	2	3	5	2	-1	1
1	3	0	4	6	3	-1	1
1	3	5	7	8	3	-1	0
1	1	6	1	-1	0
2	1	6	1	-1	0
3	4	2	10	11	12	4	-1	0
2	1	9	1	-1	0
2	1	9	1	-1	0
5	2	9	13	2	-1	0
1	3	12	14	15	3	-1	0
2	1	13	1	-1	0
5	2	13	16	2	-1	0
1	3	15	17	21	3	-1	0
1	2	16	18	2	-1	0
1	2	17	19	2	-1	0
1	2	18	20	2	-1	0
1	2	19	21	2	-1	0
1	2	16	20	2	-1	0
21	-1
3	4	1	2	3	14	4	-1	0
2	1	0	1	-1	0
2	1	0	1	-1	0
5	2	0	4	2	-1	0
1	3	3	5	6	3	-1	0
2	1	4	1	-1	0
5	2	4	7	2	-1	0
5	3	6	8	13	3	-1	0
1	2	7	9	2	-1	0
1	2	8	10	2	-1	0
1	2	9	11	2	-1	0
1	2	10	12	2	-1	0
1	2	11	13	2	-1	0
1	2	7	12	2	-1	0
1	3	0	15	20	3	-1	1
1	2	14	16	2	-1	1
1	2	15	17	2	-1	1
1	3	16	18	19	3	-1	1
1	1	17	1	-1	0
1	2	17	20	2	-1	1
1	2	14	19	2	-1	1
8	-1
1	2	1	5	2	-1	0
1	2	0	2	2	-1	0
5	3	1	3	4	3	0	0
2	1	2	1	-1	0
2	1	2	1	0	0
1	3	0	6	7	3	-1	0
2	1	5	1	-1	0
2	1	5	1	-1	0
9	-1
2	1	1	1	0	0
5	3	0	2	3	3	0	0
2	1	1	1	-1	0
1	3	1	4	8	3	-1	0
1	2	3	5	2	-1	0
5	2	4	6	2	-1	0
1	3	5	7	8	3	-1	0
5	1	6	1	-1	0
3	2	3	6	2	-1	0
13	-1
2	1	1	1	0	0
5	3	0	2	3	3	0	0
2	1	1	1	-1	0
1	3	1	4	8	3	-1	1
1	2	3	5	2	-1	1
1	3	4	6	10	3	-1	1
1	2	5	7	2	-1	1
1	2	6	8	2	-1	1
1	3	3	7	9	3	-1	1
1	1	8	1	-1	0
5	3	5	11	12	3	0	0
2	1	10	1	-1	0
2	1	10	1	0	0
4	1
0	1	1	1	-1	0
1	2	0	2	2	-1	0
1	2	1	3	2	-1	0
0	1	2	1	-1	0
16	-1
5	2	1	10	2	-1	0
1	3	0	2	3	3	-1	0
3	1	1	1	-1	0
5	2	1	4	2	-1	0
1	3	3	5	9	3	-1	0
1	2	4	6	2	-1	0
1	2	5	7	2	-1	0
1	2	6	8	2	-1	0
1	2	7	9	2	-1	0
1	2	4	8	2	-1	0
1	3	0	11	15	3	-1	0
1	2	10	12	2	-1	0
1	2	11	13	2	-1	0
1	2	12	14	2	-1	0
1	2	13	15	2	-1	0
1	2	10	14	2	-1	0
11	1
4	4	1	2	5	8	4	-1	0
3	1	0	1	-1	0
5	3	0	3	4	3	-1	0
1	2	2	4	2	-1	0
1	2	2	3	2	-1	0
5	3	0	6	7	3	-1	0
1	2	5	7	2	-1	0
1	2	5	6	2	-1	0
5	3	0	9	10	3	-1	0
1	2	8	10	2	-1	0
1	2	8	9	2	-1	0
52	1
1	3	1	2	16	3	-1	0
2	1	0	1	-1	0
1	2	0	3	2	-1	0
1	3	2	4	8	3	-1	1
1	2	3	5	2	-1	1
1	2	4	6	2	-1	1
1	3	5	7	9	3	-1	1
1	2	6	8	2	-1	1
1	2	3	7	2	-1	1
5	3	6	10	13	3	-1	0
1	2	9	11	2	-1	0
1	2	10	12	2	-1	0
0	1	11	1	-1	0
1	2	9	14	2	-1	0
1	2	13	15	2	-1	0
0	1	14	1	-1	0
2	2	0	17	2	-1	0
1	3	16	18	33	3	-1	0
1	2	17	19	2	-1	0
1	2	18	20	2	-1	0
1	3	19	21	33	3	-1	0
1	3	20	22	30	3	-1	0
1	2	21	23	2	-1	0
1	2	22	24	2	-1	0
1	3	23	25	29	3	-1	1
1	2	24	26	2	-1	1
1	3	25	27	35	3	-1	1
1	2	26	28	2	-1	1
1	2	27	29	2	-1	1
1	3	24	28	30	3	-1	1
1	3	21	29	31	3	-1	0
1	2	30	32	2	-1	0
1	2	31	33	2	-1	0
1	4	17	20	32	34	4	-1	0
1	1	33	1	-1	0
2	2	26	36	2	-1	0
1	3	35	37	38	3	-1	0
2	1	36	1	-1	0
1	2	36	39	2	-1	0
1	3	38	40	44	3	-1	1
1	2	39	41	2	-1	1
1	2	40	42	2	-1	1
1	3	41	43	45	3	-1	1
1	2	42	44	2	-1	1
1	2	39	43	2	-1	1
5	3	42	46	49	3	-1	0
1	2	45	47	2	-1	0
1	2	46	48	2	-1	0
0	1	47	1	-1	0
1	2	45	50	2	-1	0
1	2	49	51	2	-1	0
0	1	50	1	-1	0
44	1
1	1	1	1	-1	0
1	4	0	2	23	27	4	-1	0
1	2	1	3	2	-1	0
1	2	2	4	2	-1	0
1	3	3	5	22	3	-1	0
2	2	4	6	2	-1	0
1	3	5	7	8	3	-1	0
2	1	6	1	-1	0
1	2	6	9	2	-1	0
1	3	8	10	14	3	-1	1
1	2	9	11	2	-1	1
1	2	10	12	2	-1	1
1	3	11	13	15	3	-1	1
1	2	12	14	2	-1	1
1	2	9	13	2	-1	1
5	3	12	16	19	3	-1	0
1	2	15	17	2	-1	0
1	2	16	18	2	-1	0
0	1	17	1	-1	0
1	2	15	20	2	-1	0
1	2	19	21	2	-1	0
0	1	20	1	-1	0
1	2	4	23	2	-1	0
1	3	1	22	24	3	-1	0
1	2	23	25	2	-1	0
1	2	24	26	2	-1	0
1	3	25	27	35	3	-1	0
1	3	1	26	28	3	-1	0
1	2	27	29	2	-1	0
1	2	28	30	2	-1	0
1	4	29	31	32	35	4	-1	0
1	1	30	1	-1	0
1	3	30	33	36	3	-1	0
1	2	32	34	2	-1	0
1	2	33	35	2	-1	0
1	3	26	30	34	3	-1	0
1	3	32	37	38	3	-1	0
1	1	36	1	-1	0
1	2	36	39	2	-1	0
1	2	38	40	2	-1	0
1	2	39	41	2	-1	0
1	3	40	42	43	3	-1	0
1	1	41	1	-1	0
1	1	41	1	-1	0
14	-1
5	3	1	2	3	3	0	0
2	1	0	1	-1	0
2	1	0	1	0	0
1	3	0	4	12	3	-1	1
1	3	3	5	6	3	-1	1
0	1	4	1	-1	0
1	3	4	7	8	3	-1	1
0	1	6	1	-1	0
1	3	6	9	10	3	-1	1
0	1	8	1	-1	0
1	3	8	11	12	3	-1	1
0	1	10	1	-1	0
1	3	3	10	13	3	-1	1
0	1	12	1	-1	0
19	-1
1	4	1	2	8	12	4	-1	0
0	1	0	1	-1	0
1	3	0	3	4	3	-1	0
0	1	2	1	-1	0
1	3	2	5	6	3	-1	0
0	1	4	1	-1	0
1	4	4	7	8	11	4	-1	0
0	1	6	1	-1	0
1	4	0	6	9	10	4	-1	0
0	1	8	1	-1	0
0	1	8	1	-1	0
1	3	6	12	18	3	-1	0
1	3	0	11	13	3	-1	0
1	2	12	14	2	-1	0
2	2	13	15	2	-1	0
3	3	14	16	17	3	-1	0
2	1	15	1	-1	0
2	2	15	18	2	-1	0
1	2	11	17	2	-1	0
9	1
5	1	1	1	-1	0
1	3	0	2	7	3	-1	1
1	2	1	3	2	-1	1
1	3	2	4	5	3	-1	1
0	1	3	1	-1	0
1	2	3	6	2	-1	1
1	2	5	7	2	-1	1
1	3	1	6	8	3	-1	1
5	1	7	1	-1	0
13	-1
2	1	1	1	0	0
5	3	0	2	3	3	0	0
2	1	1	1	-1	0
1	3	1	4	12	3	-1	1
1	2	3	5	2	-1	1
1	2	4	6	2	-1	1
1	2	5	7	2	-1	1
1	3	6	8	12	3	-1	1
1	2	7	9	2	-1	1
1	2	8	10	2	-1	1
1	2	9	11	2	-1	1
1	2	10	12	2	-1	1
1	3	3	7	11	3	-1	1
7	-1
2	1	1	1	0	0
5	3	0	2	3	3	0	0
2	1	1	1	-1	0
1	4	1	4	5	6	4	-1	0
0	1	3	1	-1	0
0	1	3	1	-1	0
0	1	3	1	-1	0
8	1
1	4	1	2	3	4	4	-1	0
0	1	0	1	-1	0
0	1	0	1	-1	0
0	1	0	1	-1	0
1	4	0	5	6	7	4	-1	0
0	1	4	1	-1	0
0	1	4	1	-1	0
0	1	4	1	-1	0
19	-1
3	1	1	1	-1	0
4	4	0	2	4	6	4	-1	0
2	2	1	3	2	-1	0
1	1	2	1	-1	0
2	2	1	5	2	-1	0
1	1	4	1	-1	0
3	2	1	7	2	-1	0
1	2	6	8	2	-1	0
5	3	7	9	17	3	-1	0
5	2	8	10	2	-1	0
5	2	9	11	2	-1	0
1	3	10	12	16	3	-1	1
1	2	11	13	2	-1	1
1	2	12	14	2	-1	1
1	2	13	15	2	-1	1
1	2	14	16	2	-1	1
1	3	11	15	17	3	-1	1
1	3	8	16	18	3	-1	0
2	1	17	1	-1	0
18	-1
3	1	1	1	-1	0
4	4	0	2	5	8	4	-1	0
2	2	1	3	2	-1	0
1	2	2	4	2	-1	0
1	1	3	1	-1	0
2	2	1	6	2	-1	0
1	2	5	7	2	-1	0
1	1	6	1	-1	0
2	2	1	9	2	-1	0
1	3	8	10	14	3	-1	1
1	2	9	11	2	-1	1
1	2	10	12	2	-1	1
1	3	11	13	15	3	-1	1
1	2	12	14	2	-1	1
1	2	9	13	2	-1	1
5	3	12	16	17	3	0	0
2	1	15	1	-1	0
2	1	15	1	0	0
15	-1
2	1	1	1	-1	0
1	3	0	2	3	3	-1	0
2	1	1	1	-1	0
1	3	1	4	5	3	-1	0
5	1	3	1	-1	0
1	2	3	6	2	-1	0
1	3	5	7	14	3	-1	0
1	2	6	8	2	-1	0
5	2	7	9	2	-1	0
1	3	8	10	14	3	-1	1
1	2	9	11	2	-1	1
1	2	10	12	2	-1	1
1	2	11	13	2	-1	1
1	2	12	14	2	-1	1
1	3	6	9	13	3	-1	1
21	1
1	2	1	7	2	-1	0
1	3	0	2	6	3	-1	1
1	2	1	3	2	-1	1
1	2	2	4	2	-1	1
1	2	3	5	2	-1	1
1	2	4	6	2	-1	1
1	2	1	5	2	-1	1
5	3	0	8	11	3	-1	0
1	2	7	9	2	-1	0
1	2	8	10	2	-1	0
0	1	9	1	-1	0
1	3	7	12	13	3	-1	0
1	1	11	1	-1	0
1	2	11	14	2	-1	0
2	2	13	15	2	-1	0
1	3	14	16	20	3	-1	1
1	2	15	17	2	-1	1
1	2	16	18	2	-1	1
1	2	17	19	2	-1	1
1	2	18	20	2	-1	1
1	2	15	19	2	-1	1
5	1
0	1	1	1	-1	0
1	3	0	2	3	3	-1	0
0	1	1	1	-1	0
1	2	1	4	2	-1	0
0	1	3	1	-1	0
21	1
1	3	1	2	5	3	-1	0
2	1	0	1	-1	0
2	2	0	3	2	-1	0
1	2	2	4	2	-1	0
1	1	3	1	-1	0
1	4	0	6	7	14	4	-1	0
2	1	5	1	-1	0
1	3	5	8	13	3	-1	1
1	2	7	9	2	-1	1
1	2	8	10	2	-1	1
1	3	9	11	12	3	-1	1
0	1	10	1	-1	0
1	2	10	13	2	-1	1
1	2	7	12	2	-1	1
1	3	5	15	20	3	-1	1
1	2	14	16	2	-1	1
1	2	15	17	2	-1	1
1	3	16	18	19	3	-1	1
0	1	17	1	-1	0
1	2	17	20	2	-1	1
1	2	14	19	2	-1	1
20	1
4	4	1	2	8	14	4	-1	0
2	1	0	1	-1	0
2	2	0	3	2	-1	0
1	2	2	4	2	-1	0
1	3	3	5	6	3	-1	0
7	1	4	1	-1	0
1	2	4	7	2	-1	0
7	1	6	1	-1	0
2	2	0	9	2	-1	0
1	2	8	10	2	-1	0
1	3	9	11	12	3	-1	0
7	1	10	1	-1	0
1	2	10	13	2	-1	0
7	1	12	1	-1	0
2	2	0	15	2	-1	0
1	2	14	16	2	-1	0
1	3	15	17	18	3	-1	0
7	1	16	1	-1	0
1	2	16	19	2	-1	0
7	1	18	1	-1	0
17	-1
1	2	1	2	2	-1	0
1	1	0	1	-1	0
1	3	0	3	9	3	-1	1
5	2	2	4	2	-1	1
1	3	3	5	6	3	-1	1
5	1	4	1	-1	0
5	2	4	7	2	-1	1
1	3	6	8	9	3	-1	1
5	1	7	1	-1	0
1	3	2	7	10	3	-1	1
1	3	9	11	16	3	-1	1
1	2	10	12	2	-1	1
1	2	11	13	2	-1	1
1	3	12	14	15	3	-1	1
0	1	13	1	-1	0
1	2	13	16	2	-1	1
1	2	10	15	2	-1	1
19	1
1	2	1	11	2	-1	0
1	3	0	2	3	3	-1	0
1	1	1	1	-1	0
5	3	1	4	10	3	-1	0
1	2	3	5	2	-1	0
1	3	4	6	7	3	-1	0
2	1	5	1	-1	0
5	2	5	8	2	-1	0
1	3	7	9	10	3	-1	0
2	1	8	1	-1	0
1	2	3	8	2	-1	0
5	3	0	12	18	3	-1	0
1	2	11	13	2	-1	0
1	3	12	14	15	3	-1	0
2	1	13	1	-1	0
5	2	13	16	2	-1	0
1	3	15	17	18	3	-1	0
2	1	16	1	-1	0
1	2	11	16	2	-1	0
6	1
1	2	1	5	2	-1	0
1	2	0	2	2	-1	0
2	2	1	3	2	-1	0
1	2	2	4	2	-1	0
1	2	3	5	2	-1	0
2	2	0	4	2	-1	0
8	1
4	4	1	2	4	6	4	-1	0
2	1	0	1	-1	0
2	2	0	3	2	-1	0
1	1	2	1	-1	0
2	2	0	5	2	-1	0
1	1	4	1	-1	0
2	2	0	7	2	-1	0
1	1	6	1	-1	0
14	-1
5	2	1	7	2	-1	0
1	3	0	2	6	3	-1	1
1	2	1	3	2	-1	1
1	2	2	4	2	-1	1
1	2	3	5	2	-1	1
1	2	4	6	2	-1	1
1	2	1	5	2	-1	1
1	3	0	8	13	3	-1	1
1	2	7	9	2	-1	1
1	2	8	10	2	-1	1
1	3	9	11	12	3	-1	1
5	1	10	1	-1	0
1	2	10	13	2	-1	1
1	2	7	12	2	-1	1
11	-1
1	1	1	1	-1	0
5	3	0	2	3	3	-1	0
1	1	1	1	-1	0
5	2	1	4	2	-1	0
1	3	3	5	6	3	-1	0
2	1	4	1	-1	0
1	2	4	7	2	-1	0
1	2	6	8	2	-1	0
1	3	7	9	10	3	-1	0
2	1	8	1	-1	0
2	1	8	1	-1	0
10	1
1	2	1	8	2	-1	1
1	2	0	2	2	-1	1
1	3	1	3	5	3	-1	1
2	2	2	4	2	-1	0
1	1	3	1	-1	0
1	3	2	6	7	3	-1	1
5	1	5	1	-1	0
1	2	5	8	2	-1	1
1	3	0	7	9	3	-1	1
5	1	8	1	-1	0
9	1
1	2	1	7	2	-1	1
1	2	0	2	2	-1	1
1	3	1	3	4	3	-1	1
0	1	2	1	-1	0
1	3	2	5	6	3	-1	1
5	1	4	1	-1	0
1	2	4	7	2	-1	1
1	3	0	6	8	3	-1	1
5	1	7	1	-1	0
4	1
1	2	1	2	2	-1	0
7	1	0	1	-1	0
1	2	0	3	2	-1	0
7	1	2	1	-1	0
9	1
1	2	1	5	2	-1	1
1	2	0	2	2	-1	1
1	2	1	3	2	-1	1
1	2	2	4	2	-1	1
1	3	3	5	7	3	-1	1
1	3	0	4	6	3	-1	1
5	1	5	1	-1	0
2	2	4	8	2	-1	0
1	1	7	1	-1	0
20	-1
1	4	1	2	9	16	4	-1	0
2	1	0	1	-1	0
1	3	0	3	8	3	-1	1
1	2	2	4	2	-1	1
1	2	3	5	2	-1	1
1	3	4	6	7	3	-1	1
0	1	5	1	-1	0
1	2	5	8	2	-1	1
1	2	2	7	2	-1	1
1	3	0	10	15	3	-1	1
1	2	9	11	2	-1	1
1	2	10	12	2	-1	1
1	3	11	13	14	3	-1	1
0	1	12	1	-1	0
1	2	12	15	2	-1	1
1	2	9	14	2	-1	1
1	4	0	17	18	19	4	-1	0
0	1	16	1	-1	0
0	1	16	1	-1	0
0	1	16	1	-1	0
21	-1
2	1	1	1	-1	0
1	3	0	2	7	3	-1	1
1	2	1	3	2	-1	1
1	2	2	4	2	-1	1
1	3	3	5	6	3	-1	1
0	1	4	1	-1	0
1	2	4	7	2	-1	1
1	3	1	6	8	3	-1	1
1	3	7	9	10	3	-1	0
2	1	8	1	-1	0
5	2	8	11	2	-1	0
1	3	10	12	16	3	-1	1
1	2	11	13	2	-1	1
1	2	12	14	2	-1	1
1	3	13	15	18	3	-1	1
1	2	14	16	2	-1	1
1	3	11	15	17	3	-1	1
0	1	16	1	-1	0
5	3	14	19	20	3	0	0
2	1	18	1	-1	0
2	1	18	1	0	0
14	1
5	2	1	8	2	-1	0
5	2	0	2	2	-1	0
1	3	1	3	7	3	-1	1
1	2	2	4	2	-1	1
1	2	3	5	2	-1	1
1	2	4	6	2	-1	1
1	2	5	7	2	-1	1
1	2	2	6	2	-1	1
1	3	0	9	13	3	-1	1
1	2	8	10	2	-1	1
1	2	9	11	2	-1	1
1	2	10	12	2	-1	1
1	2	11	13	2	-1	1
1	2	8	12	2	-1	1
16	1
1	2	1	2	2	-1	0
1	1	0	1	-1	0
5	3	0	3	15	3	-1	0
1	3	2	4	8	3	-1	1
1	2	3	5	2	-1	1
1	2	4	6	2	-1	1
1	2	5	7	2	-1	1
1	2	6	8	2	-1	1
1	3	3	7	9	3	-1	1
1	3	8	10	15	3	-1	1
1	2	9	11	2	-1	1
1	3	10	12	13	3	-1	1
5	1	11	1	-1	0
1	2	11	14	2	-1	1
1	2	13	15	2	-1	1
1	3	2	9	14	3	-1	1
11	-1
1	2	1	6	2	-1	1
1	2	0	2	2	-1	1
1	3	1	3	4	3	-1	1
5	1	2	1	-1	0
1	2	2	5	2	-1	1
1	3	4	6	8	3	-1	1
1	3	0	5	7	3	-1	1
2	1	6	1	-1	0
5	3	5	9	10	3	0	0
2	1	8	1	-1	0
2	1	8	1	0	0
8	1
0	1	1	1	-1	0
1	2	0	2	2	-1	0
1	3	1	3	7	3	-1	1
1	2	2	4	2	-1	1
1	2	3	5	2	-1	1
1	2	4	6	2	-1	1
5	2	5	7	2	-1	1
1	2	2	6	2	-1	1
22	-1
1	3	1	2	8	3	-1	0
1	1	0	1	-1	0
1	3	0	3	4	3	-1	0
0	1	2	1	-1	0
1	3	2	5	6	3	-1	0
2	1	4	1	-1	0
2	2	4	7	2	-1	0
1	3	6	8	12	3	-1	1
1	3	0	7	9	3	-1	1
1	2	8	10	2	-1	1
1	2	9	11	2	-1	1
1	3	10	12	13	3	-1	1
1	2	7	11	2	-1	1
2	2	11	14	2	-1	0
4	4	13	15	16	19	4	-1	0
3	1	14	1	-1	0
2	2	14	17	2	-1	0
1	2	16	18	2	-1	0
1	1	17	1	-1	0
2	2	14	20	2	-1	0
1	2	19	21	2	-1	0
1	1	20	1	-1	0
11	-1
1	3	1	2	3	3	-1	0
1	1	0	1	-1	0
1	1	0	1	-1	0
1	3	0	4	9	3	-1	0
1	2	3	5	2	-1	0
1	2	4	6	2	-1	0
1	3	5	7	8	3	-1	0
1	1	6	1	-1	0
1	2	6	9	2	-1	0
1	3	3	8	10	3	-1	0
2	1	9	1	-1	0
16	1
5	2	1	8	2	-1	0
5	2	0	2	2	-1	0
1	3	1	3	7	3	-1	1
1	2	2	4	2	-1	1
1	2	3	5	2	-1	1
1	2	4	6	2	-1	1
1	2	5	7	2	-1	1
1	2	2	6	2	-1	1
1	3	0	9	14	3	-1	1
1	2	8	10	2	-1	1
1	2	9	11	2	-1	1
1	3	10	12	13	3	-1	1
5	1	11	1	-1	0
5	2	11	14	2	-1	1
1	3	8	13	15	3	-1	1
5	1	14	1	-1	0
10	1
1	2	1	5	2	-1	1
1	2	0	2	2	-1	1
1	2	1	3	2	-1	1
1	2	2	4	2	-1	1
1	3	3	5	6	3	-1	1
1	2	0	4	2	-1	1
5	3	4	7	8	3	-1	0
2	1	6	1	-1	0
5	2	6	9	2	-1	0
2	1	8	1	-1	0
16	-1
1	2	1	5	2	-1	1
1	2	0	2	2	-1	1
1	3	1	3	9	3	-1	1
1	2	2	4	2	-1	1
1	2	3	5	2	-1	1
1	3	0	4	6	3	-1	1
5	3	5	7	8	3	-1	0
1	1	6	1	-1	0
1	1	6	1	-1	0
5	2	2	10	2	-1	0
5	2	9	11	2	-1	0
3	4	10	12	13	14	4	-1	0
2	1	11	1	-1	0
2	1	11	1	-1	0
2	2	11	15	2	-1	0
6	1	14	1	0	0
7	-1
2	1	1	1	-1	0
3	4	0	2	3	6	4	-1	0
2	1	1	1	-1	0
1	2	1	4	2	-1	0
1	2	3	5	2	-1	0
1	2	4	6	2	-1	0
1	2	1	5	2	-1	0
16	-1
3	1	1	1	-1	0
4	4	0	2	4	6	4	-1	0
2	2	1	3	2	-1	0
1	1	2	1	-1	0
2	2	1	5	2	-1	0
1	1	4	1	-1	0
2	2	1	7	2	-1	0
1	3	6	8	15	3	-1	1
1	2	7	9	2	-1	1
1	2	8	10	2	-1	1
1	3	9	11	13	3	-1	1
3	2	10	12	2	-1	0
1	1	11	1	-1	0
1	3	10	14	15	3	-1	1
1	1	13	1	-1	0
1	2	7	13	2	-1	1
16	-1
5	2	1	9	2	-1	0
1	3	0	2	8	3	-1	1
5	2	1	3	2	-1	1
1	3	2	4	5	3	-1	1
0	1	3	1	-1	0
5	2	3	6	2	-1	1
1	3	5	7	8	3	-1	1
0	1	6	1	-1	0
5	2	1	6	2	-1	1
1	3	0	10	14	3	-1	1
1	2	9	11	2	-1	1
1	2	10	12	2	-1	1
1	2	11	13	2	-1	1
1	2	12	14	2	-1	1
1	3	9	13	15	3	-1	1
0	1	14	1	-1	0
10	-1
2	2	1	2	2	-1	0
1	1	0	1	-1	0
1	3	0	3	9	3	-1	1
1	2	2	4	2	-1	1
1	2	3	5	2	-1	1
1	3	4	6	7	3	-1	1
5	1	5	1	-1	0
1	3	5	8	9	3	-1	1
1	1	7	1	-1	0
1	2	2	7	2	-1	1
5	-1
8	1	1	1	-1	0
1	4	0	2	3	4	4	-1	0
0	1	1	1	-1	0
0	1	1	1	-1	0
0	1	1	1	-1	0
11	1
1	2	1	7	2	-1	1
1	2	0	2	2	-1	1
1	2	1	3	2	-1	1
1	3	2	4	5	3	-1	1
1	1	3	1	-1	0
1	3	3	6	7	3	-1	1
5	1	5	1	-1	0
1	3	0	5	8	3	-1	1
5	3	7	9	10	3	0	0
2	1	8	1	-1	0
2	1	8	1	0	0
13	-1
1	2	1	9	2	-1	1
1	2	0	2	2	-1	1
1	2	1	3	2	-1	1
1	3	2	4	7	3	-1	1
1	3	3	5	6	3	-1	0
2	1	4	1	-1	0
2	1	4	1	-1	0
1	3	3	8	9	3	-1	1
5	1	7	1	-1	0
1	3	0	7	10	3	-1	1
5	3	9	11	12	3	0	0
2	1	10	1	-1	0
2	1	10	1	0	0
4	-1
1	3	1	2	3	3	-1	0
9	1	0	1	-1	0
9	1	0	1	-1	0
9	1	0	1	-1	0
18	1
2	1	1	1	-1	0
1	3	0	2	17	3	-1	0
1	3	1	3	7	3	-1	1
1	2	2	4	2	-1	1
1	2	3	5	2	-1	1
1	2	4	6	2	-1	1
1	2	5	7	2	-1	1
1	3	2	6	8	3	-1	1
1	3	7	9	10	3	-1	0
2	1	8	1	-1	0
1	3	8	11	17	3	-1	1
1	2	10	12	2	-1	1
1	2	11	13	2	-1	1
1	3	12	14	15	3	-1	1
1	1	13	1	-1	0
1	3	13	16	17	3	-1	1
5	1	15	1	-1	0
1	3	1	10	15	3	-1	1
14	-1
1	3	1	2	6	3	-1	1
5	1	0	1	-1	0
1	2	0	3	2	-1	1
1	3	2	4	10	3	-1	1
1	2	3	5	2	-1	1
1	2	4	6	2	-1	1
1	3	0	5	7	3	-1	1
2	2	6	8	2	-1	0
1	2	7	9	2	-1	0
1	1	8	1	-1	0
5	2	3	11	2	-1	0
1	3	10	12	13	3	-1	0
1	1	11	1	-1	0
2	1	11	1	-1	0
9	-1
1	2	1	7	2	-1	1
1	2	0	2	2	-1	1
1	3	1	3	4	3	-1	1
5	1	2	1	-1	0
1	2	2	5	2	-1	1
1	3	4	6	7	3	-1	1
0	1	5	1	-1	0
1	3	0	5	8	3	-1	1
5	1	7	1	-1	0
15	-1
2	1	1	1	0	0
5	3	0	2	3	3	0	0
2	1	1	1	-1	0
1	3	1	4	13	3	-1	1
1	3	3	5	6	3	-1	1
0	1	4	1	-1	0
1	3	4	7	8	3	-1	1
0	1	6	1	-1	0
1	3	6	9	11	3	-1	1
2	2	8	10	2	-1	0
1	1	9	1	-1	0
1	3	8	12	13	3	-1	1
0	1	11	1	-1	0
1	3	3	11	14	3	-1	1
0	1	13	1	-1	0
12	1
5	3	1	3	5	3	-1	0
1	2	0	2	2	-1	0
1	1	1	1	-1	0
1	2	0	4	2	-1	0
1	1	3	1	-1	0
1	3	0	6	7	3	-1	0
3	1	5	1	-1	0
3	2	5	8	2	-1	0
1	2	7	9	2	-1	0
1	3	8	10	11	3	-1	0
1	1	9	1	-1	0
0	1	9	1	-1	0
9	-1
1	2	1	7	2	-1	1
1	2	0	2	2	-1	1
1	3	1	3	5	3	-1	1
2	2	2	4	2	-1	0
1	1	3	1	-1	0
1	2	2	6	2	-1	1
1	2	5	7	2	-1	1
1	3	0	6	8	3	-1	1
5	1	7	1	-1	0
12	1
2	1	1	1	0	0
5	3	0	2	3	3	0	0
2	1	1	1	-1	0
1	3	1	4	11	3	-1	1
1	2	3	5	2	-1	1
1	2	4	6	2	-1	1
1	3	5	7	10	3	-1	1
5	2	6	8	2	-1	0
1	2	7	9	2	-1	0
5	2	8	10	2	-1	0
1	3	6	9	11	3	-1	1
1	2	3	10	2	-1	1
15	1
2	1	1	1	0	0
5	3	0	2	3	3	0	0
2	1	1	1	-1	0
1	3	1	4	13	3	-1	1
1	2	3	5	2	-1	1
1	2	4	6	2	-1	1
1	3	5	7	14	3	-1	1
1	2	6	8	2	-1	0
1	2	7	9	2	-1	0
1	3	8	10	14	3	-1	1
1	2	9	11	2	-1	1
1	2	10	12	2	-1	1
1	2	11	13	2	-1	1
1	3	3	12	14	3	-1	1
1	3	6	9	13	3	-1	1
24	-1
1	2	1	12	2	-1	0
2	2	0	2	2	-1	0
1	2	1	3	2	-1	0
1	2	2	4	2	-1	0
2	2	3	5	2	-1	0
1	2	4	6	2	-1	0
1	2	5	7	2	-1	0
2	2	6	8	2	-1	0
1	2	7	9	2	-1	0
1	2	8	10	2	-1	0
1	2	9	11	2	-1	0
1	1	10	1	-1	0
1	3	0	13	20	3	-1	1
1	2	12	14	2	-1	1
1	3	13	15	18	3	-1	1
2	2	14	16	2	-1	0
1	2	15	17	2	-1	0
2	2	16	18	2	-1	0
1	3	14	17	19	3	-1	1
1	2	18	20	2	-1	1
1	3	12	19	21	3	-1	1
1	2	20	22	2	-1	0
1	2	21	23	2	-1	0
1	1	22	1	-1	0
14	-1
1	2	1	5	2	-1	1
1	2	0	2	2	-1	1
1	3	1	3	10	3	-1	1
1	2	2	4	2	-1	1
1	2	3	5	2	-1	1
1	3	0	4	6	3	-1	1
1	3	5	7	8	3	-1	0
2	1	6	1	-1	0
2	2	6	9	2	-1	0
1	1	8	1	-1	0
1	3	2	11	12	3	-1	0
2	1	10	1	-1	0
2	2	10	13	2	-1	0
1	1	12	1	-1	0
14	-1
1	3	1	5	13	3	-1	1
1	2	0	2	2	-1	1
1	2	1	3	2	-1	1
1	2	2	4	2	-1	1
1	2	3	5	2	-1	1
1	3	0	4	6	3	-1	1
2	2	5	7	2	-1	0
1	3	6	8	12	3	-1	1
1	2	7	9	2	-1	1
1	2	8	10	2	-1	1
1	2	9	11	2	-1	1
1	2	10	12	2	-1	1
1	3	7	11	13	3	-1	1
2	2	0	12	2	-1	0
16	-1
1	3	1	6	15	3	-1	1
1	2	0	2	2	-1	1
1	3	1	3	4	3	-1	1
0	1	2	1	-1	0
1	2	2	5	2	-1	1
1	2	4	6	2	-1	1
1	3	0	5	7	3	-1	1
2	2	6	8	2	-1	0
1	3	7	9	14	3	-1	1
1	2	8	10	2	-1	1
1	3	9	11	12	3	-1	1
0	1	10	1	-1	0
1	2	10	13	2	-1	1
1	2	12	14	2	-1	1
1	3	8	13	15	3	-1	1
2	2	0	14	2	-1	0
22	-1
1	2	1	13	2	-1	0
1	3	0	2	3	3	-1	0
1	1	1	1	-1	0
3	3	1	4	5	3	-1	0
2	1	3	1	-1	0
1	2	3	6	2	-1	0
1	2	5	7	2	-1	0
1	2	6	8	2	-1	0
1	2	7	9	2	-1	0
1	2	8	10	2	-1	0
1	2	9	11	2	-1	0
1	2	10	12	2	-1	0
1	1	11	1	-1	0
1	3	0	14	21	3	-1	1
1	2	13	15	2	-1	1
1	2	14	16	2	-1	1
1	3	15	17	20	3	-1	1
2	2	16	18	2	-1	0
1	2	17	19	2	-1	0
2	2	18	20	2	-1	0
1	3	16	19	21	3	-1	1
1	2	13	20	2	-1	1
24	-1
1	2	1	14	2	-1	0
1	2	0	2	2	-1	0
2	2	1	3	2	-1	0
1	3	2	4	13	3	-1	0
3	2	3	5	2	-1	0
4	4	4	6	7	10	4	-1	0
3	1	5	1	-1	0
2	2	5	8	2	-1	0
1	2	7	9	2	-1	0
1	1	8	1	-1	0
2	2	5	11	2	-1	0
1	2	10	12	2	-1	0
1	1	11	1	-1	0
1	3	3	14	15	3	-1	0
2	2	0	13	2	-1	0
3	2	13	16	2	-1	0
4	4	15	17	18	21	4	-1	0
3	1	16	1	-1	0
2	2	16	19	2	-1	0
1	2	18	20	2	-1	0
1	1	19	1	-1	0
2	2	16	22	2	-1	0
1	2	21	23	2	-1	0
1	1	22	1	-1	0
9	-1
1	2	1	7	2	-1	1
1	2	0	2	2	-1	1
1	3	1	3	4	3	-1	1
5	1	2	1	-1	0
1	2	2	5	2	-1	1
1	3	4	6	7	3	-1	1
1	1	5	1	-1	0
1	3	0	5	8	3	-1	1
5	1	7	1	-1	0
12	1
1	2	1	8	2	-1	1
1	3	0	2	3	3	-1	1
5	1	1	1	-1	0
1	3	1	4	6	3	-1	1
2	2	3	5	2	-1	0
1	1	4	1	-1	0
1	2	3	7	2	-1	1
1	2	6	8	2	-1	1
1	3	0	7	9	3	-1	1
5	3	8	10	11	3	0	0
2	1	9	1	-1	0
2	1	9	1	0	0
22	-1
1	3	1	8	11	3	-1	1
1	2	0	2	2	-1	1
1	2	1	3	2	-1	1
1	3	2	4	7	3	-1	1
5	2	3	5	2	-1	0
1	2	4	6	2	-1	0
2	1	5	1	-1	0
1	3	3	8	9	3	-1	1
1	2	0	7	2	-1	1
2	2	7	10	2	-1	0
1	1	9	1	-1	0
1	3	0	12	21	3	-1	1
1	2	11	13	2	-1	1
1	2	12	14	2	-1	1
1	3	13	15	18	3	-1	1
5	2	14	16	2	-1	0
1	2	15	17	2	-1	0
2	1	16	1	-1	0
1	3	14	19	21	3	-1	1
2	2	18	20	2	-1	0
1	1	19	1	-1	0
1	2	11	18	2	-1	1
7	-1
1	3	1	2	4	3	-1	0
3	1	0	1	-1	0
5	2	0	3	2	-1	0
1	1	2	1	-1	0
5	3	0	5	6	3	-1	0
1	1	4	1	-1	0
1	1	4	1	-1	0
7	-1
1	2	1	5	2	-1	1
1	2	0	2	2	-1	1
1	2	1	3	2	-1	1
1	2	2	4	2	-1	1
1	2	3	5	2	-1	1
1	3	0	4	6	3	-1	1
5	1	5	1	-1	0
19	-1
1	3	1	8	15	3	-1	0
1	3	0	2	7	3	-1	1
1	2	1	3	2	-1	1
1	2	2	4	2	-1	1
1	3	3	5	6	3	-1	1
0	1	4	1	-1	0
1	2	4	7	2	-1	1
1	2	1	6	2	-1	1
1	3	0	9	14	3	-1	1
1	2	8	10	2	-1	1
1	2	9	11	2	-1	1
1	3	10	12	13	3	-1	1
0	1	11	1	-1	0
1	2	11	14	2	-1	1
1	2	8	13	2	-1	1
1	4	0	16	17	18	4	-1	0
0	1	15	1	-1	0
0	1	15	1	-1	0
0	1	15	1	-1	0
18	-1
0	1	1	1	-1	0
1	3	0	2	3	3	-1	0
0	1	1	1	-1	0
1	3	1	4	11	3	-1	0
1	3	3	5	10	3	-1	1
1	2	4	6	2	-1	1
1	2	5	7	2	-1	1
1	3	6	8	9	3	-1	1
0	1	7	1	-1	0
1	2	7	10	2	-1	1
1	2	4	9	2	-1	1
1	3	3	12	17	3	-1	1
1	2	11	13	2	-1	1
1	2	12	14	2	-1	1
1	3	13	15	16	3	-1	1
0	1	14	1	-1	0
1	2	14	17	2	-1	1
1	2	11	16	2	-1	1
16	-1
1	2	1	8	2	-1	1
1	3	0	2	12	3	-1	1
1	2	1	3	2	-1	1
1	2	2	4	2	-1	1
1	3	3	5	8	3	-1	1
2	2	4	6	2	-1	0
1	2	5	7	2	-1	0
1	1	6	1	-1	0
1	3	0	4	9	3	-1	1
5	3	8	10	11	3	0	0
2	1	9	1	-1	0
2	1	9	1	0	0
5	2	1	13	2	-1	0
1	3	12	14	15	3	-1	0
2	1	13	1	-1	0
1	1	13	1	-1	0
26	-1
2	1	1	1	-1	0
1	3	0	2	23	3	-1	0
1	3	1	3	7	3	-1	1
1	2	2	4	2	-1	1
1	2	3	5	2	-1	1
1	2	4	6	2	-1	1
1	2	5	7	2	-1	1
1	3	2	6	8	3	-1	1
1	3	7	9	24	3	-1	1
1	2	8	10	2	-1	1
1	2	9	11	2	-1	1
1	3	10	12	25	3	-1	1
1	3	11	13	14	3	-1	0
2	1	12	1	-1	0
1	3	12	15	19	3	-1	1
1	2	14	16	2	-1	1
1	2	15	17	2	-1	1
1	2	16	18	2	-1	1
1	2	17	19	2	-1	1
1	3	14	18	20	3	-1	1
1	3	19	21	25	3	-1	1
1	2	20	22	2	-1	1
1	2	21	23	2	-1	1
1	3	1	22	24	3	-1	1
1	3	8	23	25	3	-1	1
1	3	11	20	24	3	-1	1
19	-1
1	3	1	7	14	3	-1	0
1	2	0	2	2	-1	0
1	3	1	3	4	3	-1	0
2	1	2	1	-1	0
2	2	2	5	2	-1	0
1	2	4	6	2	-1	0
1	1	5	1	-1	0
3	2	0	8	2	-1	0
4	4	7	9	10	12	4	-1	0
2	1	8	1	-1	0
2	2	8	11	2	-1	0
1	1	10	1	-1	0
2	2	8	13	2	-1	0
1	1	12	1	-1	0
1	3	0	15	16	3	-1	0
2	1	14	1	-1	0
2	2	14	17	2	-1	0
1	2	16	18	2	-1	0
1	1	17	1	-1	0
12	-1
1	4	1	2	3	5	4	-1	0
1	1	0	1	-1	0
1	1	0	1	-1	0
3	2	0	4	2	-1	0
1	1	3	1	-1	0
1	2	0	6	2	-1	0
5	2	5	7	2	-1	0
2	2	6	8	2	-1	0
1	3	7	9	10	3	-1	0
2	1	8	1	-1	0
5	2	8	11	2	-1	0
1	1	10	1	-1	0
19	-1
2	2	1	11	2	-1	0
1	3	0	2	7	3	-1	1
1	2	1	3	2	-1	1
1	3	2	4	5	3	-1	1
1	1	3	1	-1	0
5	2	3	6	2	-1	1
1	3	5	7	8	3	-1	1
5	2	1	6	2	-1	1
1	3	6	9	10	3	-1	0
1	1	8	1	-1	0
1	1	8	1	-1	0
4	4	0	12	13	16	4	-1	0
3	1	11	1	-1	0
2	2	11	14	2	-1	0
1	2	13	15	2	-1	0
1	1	14	1	-1	0
2	2	11	17	2	-1	0
1	2	16	18	2	-1	0
1	1	17	1	-1	0
18	-1
3	4	1	2	3	11	4	-1	0
2	1	0	1	-1	0
2	1	0	1	-1	0
5	2	0	4	2	-1	0
1	3	3	5	10	3	-1	0
1	3	4	6	7	3	-1	0
1	1	5	1	-1	0
1	3	5	8	9	3	-1	0
1	1	7	1	-1	0
5	2	7	10	2	-1	0
2	2	4	9	2	-1	0
1	3	0	12	17	3	-1	1
1	2	11	13	2	-1	1
1	2	12	14	2	-1	1
1	3	13	15	16	3	-1	1
5	1	14	1	-1	0
1	2	14	17	2	-1	1
1	2	11	16	2	-1	1
20	-1
10	4	1	2	8	14	4	0	0
2	1	0	1	-1	0
1	3	0	3	7	3	-1	1
1	2	2	4	2	-1	1
1	2	3	5	2	-1	1
1	2	4	6	2	-1	1
1	2	5	7	2	-1	1
1	2	2	6	2	-1	1
1	3	0	9	13	3	-1	1
1	2	8	10	2	-1	1
1	2	9	11	2	-1	1
1	2	10	12	2	-1	1
1	2	11	13	2	-1	1
1	2	8	12	2	-1	1
1	3	0	15	19	3	-1	1
1	2	14	16	2	-1	1
1	2	15	17	2	-1	1
1	2	16	18	2	-1	1
1	2	17	19	2	-1	1
1	2	14	18	2	-1	1
7	-1
2	2	1	5	2	-1	0
1	2	0	2	2	-1	0
1	4	1	3	4	5	4	-1	0
1	1	2	1	-1	0
1	1	2	1	-1	0
1	3	0	2	6	3	-1	0
2	1	5	1	-1	0
13	-1
2	1	1	1	-1	0
1	3	0	2	6	3	-1	0
1	2	1	3	2	-1	0
1	3	2	4	5	3	-1	0
1	1	3	1	-1	0
5	2	3	6	2	-1	0
5	3	1	5	7	3	-1	0
1	3	6	8	12	3	-1	1
1	2	7	9	2	-1	1
1	2	8	10	2	-1	1
1	2	9	11	2	-1	1
1	2	10	12	2	-1	1
1	2	7	11	2	-1	1
10	1
2	2	1	2	2	-1	0
1	1	0	1	-1	0
1	3	0	3	8	3	-1	1
1	2	2	4	2	-1	1
1	2	3	5	2	-1	1
1	3	4	6	7	3	-1	1
1	1	5	1	-1	0
1	2	5	8	2	-1	1
1	3	2	7	9	3	-1	1
5	1	8	1	-1	0
12	1
5	1	1	1	-1	0
1	3	0	2	11	3	-1	1
1	2	1	3	2	-1	1
1	2	2	4	2	-1	1
1	2	3	5	2	-1	1
1	3	4	6	11	3	-1	1
1	3	5	7	8	3	-1	1
5	1	6	1	-1	0
1	2	6	9	2	-1	1
1	2	8	10	2	-1	1
1	2	9	11	2	-1	1
1	3	1	5	10	3	-1	1
17	1
2	1	1	1	-1	0
1	3	0	2	16	3	-1	0
1	3	1	3	7	3	-1	1
1	2	2	4	2	-1	1
1	2	3	5	2	-1	1
1	2	4	6	2	-1	1
1	2	5	7	2	-1	1
1	3	2	6	8	3	-1	1
1	3	7	9	10	3	-1	0
2	1	8	1	-1	0
1	3	8	11	16	3	-1	1
1	2	10	12	2	-1	1
1	2	11	13	2	-1	1
1	3	12	14	15	3	-1	1
5	1	13	1	-1	0
1	2	13	16	2	-1	1
1	3	1	10	15	3	-1	1
9	-1
1	2	1	7	2	-1	1
1	2	0	2	2	-1	1
1	3	1	3	4	3	-1	1
1	1	2	1	-1	0
1	3	2	5	6	3	-1	1
0	1	4	1	-1	0
1	2	4	7	2	-1	1
1	3	0	6	8	3	-1	1
5	1	7	1	-1	0
16	-1
2	1	1	1	-1	0
1	3	0	2	4	3	-1	0
5	2	1	3	2	-1	0
1	1	2	1	-1	0
2	2	1	5	2	-1	0
1	3	4	6	15	3	-1	1
1	2	5	7	2	-1	1
1	3	6	8	9	3	-1	1
1	1	7	1	-1	0
1	3	7	10	13	3	-1	1
5	3	9	11	12	3	-1	0
1	1	10	1	-1	0
1	1	10	1	-1	0
1	3	9	14	15	3	-1	1
1	1	13	1	-1	0
1	2	5	13	2	-1	1
10	-1
5	2	1	4	2	-1	0
1	3	0	2	3	3	-1	0
5	1	1	1	-1	0
3	1	1	1	-1	0
1	3	0	5	9	3	-1	1
1	2	4	6	2	-1	1
1	2	5	7	2	-1	1
1	2	6	8	2	-1	1
1	2	7	9	2	-1	1
1	2	4	8	2	-1	1
8	-1
1	3	1	2	5	3	-1	0
3	1	0	1	-1	0
5	2	0	3	2	-1	0
1	2	2	4	2	-1	0
1	1	3	1	-1	0
5	2	0	6	2	-1	0
1	2	5	7	2	-1	0
1	1	6	1	-1	0
16	-1
1	4	1	2	3	4	4	-1	0
1	1	0	1	-1	0
1	1	0	1	-1	0
1	1	0	1	-1	0
1	3	0	5	10	3	-1	1
1	2	4	6	2	-1	1
1	3	5	7	8	3	-1	1
1	1	6	1	-1	0
1	2	6	9	2	-1	1
1	3	8	10	12	3	-1	1
1	3	4	9	11	3	-1	1
2	1	10	1	-1	0
1	4	9	13	14	15	4	-1	0
1	1	12	1	-1	0
1	1	12	1	-1	0
1	1	12	1	-1	0
13	-1
5	3	1	2	3	3	-1	0
1	1	0	1	-1	0
1	1	0	1	-1	0
1	3	0	4	5	3	-1	0
3	1	3	1	-1	0
3	2	3	6	2	-1	0
11	2	5	7	2	0	0
3	2	6	8	2	-1	0
1	3	7	9	10	3	-1	0
3	1	8	1	-1	0
5	3	8	11	12	3	-1	0
1	1	10	1	-1	0
1	1	10	1	-1	0
8	1
1	2	1	6	2	-1	1
1	2	0	2	2	-1	1
1	2	1	3	2	-1	1
1	2	2	4	2	-1	1
1	3	3	5	6	3	-1	1
1	1	4	1	-1	0
1	3	0	4	7	3	-1	1
5	1	6	1	-1	0
14	-1
5	2	1	8	2	-1	0
5	2	0	2	2	-1	0
1	3	1	3	7	3	-1	1
1	2	2	4	2	-1	1
1	2	3	5	2	-1	1
1	2	4	6	2	-1	1
1	2	5	7	2	-1	1
1	2	2	6	2	-1	1
1	3	0	9	13	3	-1	1
1	2	8	10	2	-1	1
1	2	9	11	2	-1	1
1	2	10	12	2	-1	1
1	2	11	13	2	-1	1
1	2	8	12	2	-1	1
10	1
1	2	1	8	2	-1	1
1	3	0	2	3	3	-1	1
0	1	1	1	-1	0
1	2	1	4	2	-1	1
1	3	3	5	6	3	-1	1
0	1	4	1	-1	0
1	3	4	7	8	3	-1	1
2	1	6	1	-1	0
1	3	0	6	9	3	-1	1
0	1	8	1	-1	0
16	-1
3	1	1	1	-1	0
4	4	0	2	4	6	4	-1	0
2	2	1	3	2	-1	0
1	1	2	1	-1	0
2	2	1	5	2	-1	0
1	1	4	1	-1	0
2	2	1	7	2	-1	0
1	3	6	8	12	3	-1	1
1	2	7	9	2	-1	1
1	2	8	10	2	-1	1
1	3	9	11	13	3	-1	1
1	2	10	12	2	-1	1
1	2	7	11	2	-1	1
5	3	10	14	15	3	0	0
2	1	13	1	-1	0
2	1	13	1	0	0
7	-1
1	2	1	3	2	-1	0
1	2	0	2	2	-1	0
0	1	1	1	-1	0
5	4	0	4	5	6	4	0	0
1	1	3	1	-1	0
1	1	3	1	-1	0
1	1	3	1	-1	0
11	-1
1	2	1	10	2	-1	1
1	2	0	2	2	-1	1
1	2	1	3	2	-1	1
1	3	2	4	9	3	-1	1
1	3	3	5	6	3	-1	0
2	1	4	1	-1	0
2	2	4	7	2	-1	0
1	3	6	8	9	3	-1	0
2	1	7	1	-1	0
1	3	3	7	10	3	-1	1
1	2	0	9	2	-1	1
10	1
1	2	1	8	2	-1	1
1	3	0	2	3	3	-1	1
5	1	1	1	-1	0
1	3	1	4	5	3	-1	1
1	1	3	1	-1	0
1	2	3	6	2	-1	1
1	3	5	7	8	3	-1	1
1	1	6	1	-1	0
1	3	0	6	9	3	-1	1
1	1	8	1	-1	0
12	-1
1	3	1	2	3	3	-1	0
5	1	0	1	-1	0
2	1	0	1	-1	0
1	3	0	4	8	3	-1	1
1	2	3	5	2	-1	1
1	2	4	6	2	-1	1
1	2	5	7	2	-1	1
1	2	6	8	2	-1	1
1	3	3	7	9	3	-1	1
1	3	8	10	11	3	-1	0
5	1	9	1	-1	0
2	1	9	1	-1	0
9	1
1	2	1	7	2	-1	1
1	2	0	2	2	-1	1
1	3	1	3	4	3	-1	1
1	1	2	1	-1	0
1	3	2	5	6	3	-1	1
5	1	4	1	-1	0
1	2	4	7	2	-1	1
1	3	0	6	8	3	-1	1
5	1	7	1	-1	0
4	-1
5	1	1	1	-1	0
1	2	0	2	2	-1	0
5	2	1	3	2	-1	0
12	1	2	1	0	0
15	-1
5	3	1	3	9	3	-1	0
5	2	0	2	2	-1	0
2	1	1	1	-1	0
1	3	0	4	8	3	-1	1
1	2	3	5	2	-1	1
1	2	4	6	2	-1	1
1	2	5	7	2	-1	1
1	2	6	8	2	-1	1
1	2	3	7	2	-1	1
1	3	0	10	14	3	-1	1
1	2	9	11	2	-1	1
1	2	10	12	2	-1	1
1	2	11	13	2	-1	1
1	2	12	14	2	-1	1
1	2	9	13	2	-1	1
9	1
1	1	1	1	-1	0
1	3	0	2	7	3	-1	1
1	2	1	3	2	-1	1
1	3	2	4	5	3	-1	1
0	1	3	1	-1	0
1	2	3	6	2	-1	1
1	2	5	7	2	-1	1
1	3	1	6	8	3	-1	1
5	1	7	1	-1	0
16	-1
5	3	1	3	5	3	-1	0
1	2	0	2	2	-1	0
1	1	1	1	-1	0
1	2	0	4	2	-1	0
1	1	3	1	-1	0
1	3	0	6	7	3	-1	0
3	1	5	1	-1	0
3	2	5	8	2	-1	0
3	2	7	9	2	-1	0
1	3	8	10	11	3	-1	0
3	1	9	1	-1	0
5	3	9	12	14	3	-1	0
1	2	11	13	2	-1	0
1	1	12	1	-1	0
1	2	11	15	2	-1	0
1	1	14	1	-1	0
14	-1
1	3	1	5	9	3	-1	1
1	2	0	2	2	-1	1
1	2	1	3	2	-1	1
1	2	2	4	2	-1	1
1	2	3	5	2	-1	1
1	3	0	4	6	3	-1	1
1	2	5	7	2	-1	1
1	2	6	8	2	-1	1
1	2	7	9	2	-1	1
1	3	0	8	10	3	-1	1
5	2	9	11	2	-1	0
1	2	10	12	2	-1	0
1	2	11	13	2	-1	0
5	1	12	1	-1	0
11	1
1	2	1	6	2	-1	1
1	2	0	2	2	-1	1
1	3	1	3	4	3	-1	1
5	1	2	1	-1	0
1	3	2	5	8	3	-1	1
1	2	4	6	2	-1	1
1	3	0	5	7	3	-1	1
5	1	6	1	-1	0
5	3	4	9	10	3	0	0
2	1	8	1	-1	0
2	1	8	1	0	0
11	-1
1	2	1	7	2	-1	1
1	2	0	2	2	-1	1
1	3	1	3	5	3	-1	1
2	2	2	4	2	-1	0
1	1	3	1	-1	0
1	2	2	6	2	-1	1
1	3	5	7	9	3	-1	1
1	3	0	6	8	3	-1	1
5	1	7	1	-1	0
2	2	6	10	2	-1	0
1	1	9	1	-1	0
9	-1
5	3	1	3	5	3	-1	0
1	2	0	2	2	-1	0
1	1	1	1	-1	0
1	2	0	4	2	-1	0
1	1	3	1	-1	0
1	3	0	6	7	3	-1	0
3	1	5	1	-1	0
3	2	5	8	2	-1	0
6	1	7	1	0	0
12	-1
1	4	1	2	4	6	4	-1	0
7	1	0	1	-1	0
1	2	0	3	2	-1	0
1	1	2	1	-1	0
1	2	0	5	2	-1	0
1	1	4	1	-1	0
1	3	0	7	8	3	-1	0
2	1	6	1	-1	0
5	2	6	9	2	-1	0
1	3	8	10	11	3	-1	0
5	1	9	1	-1	0
2	1	9	1	-1	0
8	-1
1	2	1	6	2	-1	1
1	2	0	2	2	-1	1
1	3	1	3	4	3	-1	1
5	1	2	1	-1	0
1	2	2	5	2	-1	1
1	2	4	6	2	-1	1
1	3	0	5	7	3	-1	1
5	1	6	1	-1	0
27	-1
1	2	1	6	2	-1	0
1	2	0	2	2	-1	0
1	4	1	3	4	11	4	-1	0
1	1	2	1	-1	0
1	3	2	5	8	3	-1	0
1	2	4	6	2	-1	0
1	3	0	5	7	3	-1	0
2	1	6	1	-1	0
1	2	4	9	2	-1	0
1	2	8	10	2	-1	0
1	3	9	11	19	3	-1	0
1	3	2	10	12	3	-1	0
1	2	11	13	2	-1	0
1	2	12	14	2	-1	0
1	4	13	15	16	19	4	-1	0
1	1	14	1	-1	0
1	3	14	17	20	3	-1	0
1	2	16	18	2	-1	0
1	2	17	19	2	-1	0
1	3	10	14	18	3	-1	0
1	3	16	21	22	3	-1	0
1	1	20	1	-1	0
1	2	20	23	2	-1	0
1	2	22	24	2	-1	0
1	3	23	25	26	3	-1	0
2	1	24	1	-1	0
2	1	24	1	-1	0
14	-1
5	2	1	4	2	-1	0
1	3	0	2	3	3	-1	0
1	1	1	1	-1	0
2	1	1	1	-1	0
1	3	0	5	9	3	-1	1
1	2	4	6	2	-1	1
1	2	5	7	2	-1	1
1	3	6	8	10	3	-1	1
1	2	7	9	2	-1	1
1	2	4	8	2	-1	1
1	3	7	11	12	3	-1	0
2	1	10	1	-1	0
1	2	10	13	2	-1	0
0	1	12	1	-1	0
8	-1
1	2	1	2	2	-1	0
0	1	0	1	-1	0
1	3	0	3	7	3	-1	1
1	2	2	4	2	-1	1
1	2	3	5	2	-1	1
1	2	4	6	2	-1	1
1	2	5	7	2	-1	1
5	2	2	6	2	-1	1
10	-1
5	2	1	2	2	-1	0
2	1	0	1	-1	0
1	3	0	3	9	3	-1	0
1	2	2	4	2	-1	0
1	2	3	5	2	-1	0
1	3	4	6	8	3	-1	0
5	2	5	7	2	-1	0
2	1	6	1	-1	0
1	2	5	9	2	-1	0
1	2	2	8	2	-1	0
11	-1
2	1	1	1	0	0
5	3	0	2	3	3	0	0
2	1	1	1	-1	0
1	3	1	4	10	3	-1	1
1	2	3	5	2	-1	1
1	2	4	6	2	-1	1
1	3	5	7	8	3	-1	1
5	1	6	1	-1	0
1	3	6	9	10	3	-1	1
5	1	8	1	-1	0
1	2	3	8	2	-1	1
20	1
1	3	1	2	11	3	-1	0
2	1	0	1	-1	0
1	3	0	3	7	3	-1	1
1	2	2	4	2	-1	1
1	2	3	5	2	-1	1
1	3	4	6	8	3	-1	1
1	2	5	7	2	-1	1
1	2	2	6	2	-1	1
5	3	5	9	10	3	-1	0
1	1	8	1	-1	0
1	1	8	1	-1	0
1	3	0	12	16	3	-1	1
1	2	11	13	2	-1	1
1	2	12	14	2	-1	1
1	3	13	15	17	3	-1	1
1	2	14	16	2	-1	1
1	2	11	15	2	-1	1
5	3	14	18	19	3	-1	0
1	1	17	1	-1	0
1	1	17	1	-1	0
17	-1
10	4	1	5	9	13	4	0	0
1	2	0	2	2	-1	0
1	2	1	3	2	-1	0
1	2	2	4	2	-1	0
1	1	3	1	-1	0
1	2	0	6	2	-1	0
1	2	5	7	2	-1	0
1	2	6	8	2	-1	0
1	1	7	1	-1	0
2	2	0	10	2	-1	0
1	3	9	11	12	3	-1	0
1	1	10	1	-1	0
2	1	10	1	-1	0
2	2	0	14	2	-1	0
1	3	13	15	16	3	-1	0
1	1	14	1	-1	0
2	1	14	1	-1	0
18	1
1	2	1	7	2	-1	1
1	2	0	2	2	-1	1
1	3	1	3	4	3	-1	1
0	1	2	1	-1	0
1	2	2	5	2	-1	1
1	3	4	6	7	3	-1	1
0	1	5	1	-1	0
1	3	0	5	8	3	-1	1
2	2	7	9	2	-1	0
1	3	8	10	14	3	-1	1
1	2	9	11	2	-1	1
1	2	10	12	2	-1	1
1	3	11	13	15	3	-1	1
1	2	12	14	2	-1	1
1	2	9	13	2	-1	1
5	3	12	16	17	3	0	0
2	1	15	1	-1	0
2	1	15	1	0	0
8	-1
1	2	1	5	2	-1	1
1	2	0	2	2	-1	1
1	2	1	3	2	-1	1
1	2	2	4	2	-1	1
1	2	3	5	2	-1	1
1	3	0	4	6	3	-1	1
1	2	5	7	2	-1	0
1	1	6	1	-1	0
19	1
1	2	1	10	2	-1	0
1	3	0	2	6	3	-1	1
1	2	1	3	2	-1	1
1	2	2	4	2	-1	1
1	3	3	5	7	3	-1	1
1	2	4	6	2	-1	1
1	2	1	5	2	-1	1
5	3	4	8	9	3	-1	0
1	1	7	1	-1	0
1	1	7	1	-1	0
1	3	0	11	15	3	-1	1
1	2	10	12	2	-1	1
1	2	11	13	2	-1	1
1	3	12	14	16	3	-1	1
1	2	13	15	2	-1	1
1	2	10	14	2	-1	1
5	3	13	17	18	3	-1	0
1	1	16	1	-1	0
1	1	16	1	-1	0
9	1
5	1	1	1	-1	0
1	3	0	2	7	3	-1	1
1	2	1	3	2	-1	1
1	3	2	4	5	3	-1	1
0	1	3	1	-1	0
1	2	3	6	2	-1	1
1	2	5	7	2	-1	1
1	3	1	6	8	3	-1	1
1	1	7	1	-1	0
15	-1
5	2	1	7	2	-1	0
1	3	0	2	6	3	-1	1
1	2	1	3	2	-1	1
1	2	2	4	2	-1	1
1	2	3	5	2	-1	1
1	2	4	6	2	-1	1
1	2	1	5	2	-1	1
1	3	0	8	14	3	-1	1
1	2	7	9	2	-1	1
1	2	8	10	2	-1	1
1	3	9	11	13	3	-1	1
5	2	10	12	2	-1	0
2	1	11	1	-1	0
1	2	10	14	2	-1	1
1	2	7	13	2	-1	1
44	1
1	3	1	7	10	3	-1	1
1	2	0	2	2	-1	1
1	3	1	3	5	3	-1	1
2	2	2	4	2	-1	0
1	1	3	1	-1	0
1	2	2	6	2	-1	1
1	2	5	7	2	-1	1
1	3	0	6	8	3	-1	1
1	3	7	9	18	3	-1	0
1	3	8	10	11	3	-1	0
5	2	0	9	2	-1	0
1	3	9	12	16	3	-1	0
1	2	11	13	2	-1	0
1	3	12	14	39	3	-1	0
1	3	13	15	19	3	-1	0
1	2	14	16	2	-1	0
5	3	11	15	17	3	-1	0
1	2	16	18	2	-1	0
1	2	8	17	2	-1	0
1	2	14	20	2	-1	0
1	3	19	21	36	3	-1	0
2	2	20	22	2	-1	0
1	3	21	23	24	3	-1	0
2	1	22	1	-1	0
1	3	22	25	35	3	-1	1
1	2	24	26	2	-1	1
1	3	25	27	29	3	-1	1
2	2	26	28	2	-1	0
1	1	27	1	-1	0
1	3	26	30	32	3	-1	1
2	2	29	31	2	-1	0
1	1	30	1	-1	0
1	3	29	33	35	3	-1	1
2	2	32	34	2	-1	0
1	1	33	1	-1	0
1	2	24	32	2	-1	1
1	3	20	37	39	3	-1	0
2	2	36	38	2	-1	0
1	1	37	1	-1	0
1	3	13	36	40	3	-1	0
1	3	39	41	42	3	-1	0
2	1	40	1	-1	0
2	2	40	43	2	-1	0
1	1	42	1	-1	0
16	-1
2	1	1	1	-1	0
1	3	0	2	13	3	-1	0
5	2	1	3	2	-1	0
1	3	2	4	8	3	-1	1
1	2	3	5	2	-1	1
1	2	4	6	2	-1	1
1	2	5	7	2	-1	1
1	3	6	8	9	3	-1	1
1	2	3	7	2	-1	1
1	4	7	10	11	12	4	-1	0
8	1	9	1	-1	0
8	1	9	1	-1	0
8	1	9	1	-1	0
5	3	1	14	15	3	-1	0
1	1	13	1	-1	0
1	1	13	1	-1	0
19	1
1	2	1	5	2	-1	1
1	2	0	2	2	-1	1
1	2	1	3	2	-1	1
1	2	2	4	2	-1	1
1	3	3	5	6	3	-1	1
1	2	0	4	2	-1	1
1	2	4	7	2	-1	0
1	2	6	8	2	-1	0
1	2	7	9	2	-1	0
2	2	8	10	2	-1	0
1	3	9	11	12	3	-1	0
2	1	10	1	-1	0
1	3	10	13	17	3	-1	1
1	2	12	14	2	-1	1
1	2	13	15	2	-1	1
1	2	14	16	2	-1	1
1	2	15	17	2	-1	1
1	3	12	16	18	3	-1	1
5	1	17	1	-1	0
9	-1
1	3	1	2	7	3	-1	1
5	1	0	1	-1	0
1	2	0	3	2	-1	1
1	2	2	4	2	-1	1
1	2	3	5	2	-1	1
1	3	4	6	7	3	-1	1
5	1	5	1	-1	0
1	3	0	5	8	3	-1	1
1	1	7	1	-1	0
7	-1
1	2	1	5	2	-1	1
1	2	0	2	2	-1	1
1	2	1	3	2	-1	1
1	2	2	4	2	-1	1
1	3	3	5	6	3	-1	1
1	2	0	4	2	-1	1
2	1	4	1	-1	0
16	-1
1	2	1	5	2	-1	1
1	2	0	2	2	-1	1
1	2	1	3	2	-1	1
1	2	2	4	2	-1	1
1	3	3	5	6	3	-1	1
1	2	0	4	2	-1	1
1	3	4	7	8	3	-1	0
2	1	6	1	-1	0
1	3	6	9	10	3	-1	0
2	1	8	1	-1	0
1	3	8	11	15	3	-1	1
1	2	10	12	2	-1	1
1	2	11	13	2	-1	1
1	2	12	14	2	-1	1
1	2	13	15	2	-1	1
1	2	10	14	2	-1	1
15	1
2	2	1	8	2	-1	0
1	3	0	2	7	3	-1	1
1	2	1	3	2	-1	1
1	2	2	4	2	-1	1
1	3	3	5	6	3	-1	1
5	1	4	1	-1	0
1	2	4	7	2	-1	1
1	2	1	6	2	-1	1
1	3	0	9	14	3	-1	1
1	2	8	10	2	-1	1
1	2	9	11	2	-1	1
1	3	10	12	13	3	-1	1
5	1	11	1	-1	0
1	2	11	14	2	-1	1
1	2	8	13	2	-1	1
6	1
1	3	1	2	4	3	-1	0
7	1	0	1	-1	0
1	2	0	3	2	-1	0
7	1	2	1	-1	0
1	2	0	5	2	-1	0
0	1	4	1	-1	0
17	-1
2	1	1	1	-1	0
1	3	0	2	4	3	-1	0
2	2	1	3	2	-1	0
6	1	2	1	0	0
1	2	1	5	2	-1	0
1	3	4	6	7	3	-1	0
7	1	5	1	-1	0
1	3	5	8	9	3	-1	0
2	1	7	1	-1	0
1	3	7	10	16	3	-1	1
1	2	9	11	2	-1	1
1	2	10	12	2	-1	1
1	3	11	13	15	3	-1	1
2	2	12	14	2	-1	0
1	1	13	1	-1	0
1	2	12	16	2	-1	1
1	2	9	15	2	-1	1
29	-1
5	2	1	18	2	-1	0
5	2	0	2	2	-1	0
1	3	1	3	12	3	-1	1
1	3	2	4	5	3	-1	1
2	1	3	1	-1	0
1	2	3	6	2	-1	1
1	2	5	7	2	-1	1
1	3	6	8	12	3	-1	1
1	2	7	9	2	-1	1
1	3	8	10	13	3	-1	1
1	2	9	11	2	-1	1
1	2	10	12	2	-1	1
1	3	2	7	11	3	-1	1
3	4	9	14	15	16	4	-1	0
2	1	13	1	-1	0
2	1	13	1	-1	0
2	2	13	17	2	-1	0
6	1	16	1	0	0
1	3	0	19	23	3	-1	1
1	2	18	20	2	-1	1
1	2	19	21	2	-1	1
1	3	20	22	24	3	-1	1
1	2	21	23	2	-1	1
1	2	18	22	2	-1	1
3	4	21	25	26	27	4	-1	0
2	1	24	1	-1	0
2	1	24	1	-1	0
2	2	24	28	2	-1	0
6	1	27	1	0	0
18	1
1	3	1	7	17	3	-1	1
1	2	0	2	2	-1	1
1	3	1	3	4	3	-1	1
0	1	2	1	-1	0
1	3	2	5	6	3	-1	1
0	1	4	1	-1	0
1	2	4	7	2	-1	1
1	3	0	6	8	3	-1	1
2	2	7	9	2	-1	0
1	3	8	10	16	3	-1	1
1	2	9	11	2	-1	1
1	3	10	12	13	3	-1	1
0	1	11	1	-1	0
1	3	11	14	15	3	-1	1
0	1	13	1	-1	0
1	2	13	16	2	-1	1
1	3	9	15	17	3	-1	1
2	2	0	16	2	-1	0
4	1
1	2	1	2	2	-1	0
7	1	0	1	-1	0
1	2	0	3	2	-1	0
7	1	2	1	-1	0
29	-1
1	2	1	5	2	-1	1
1	2	0	2	2	-1	1
1	2	1	3	2	-1	1
1	2	2	4	2	-1	1
1	3	3	5	6	3	-1	1
1	2	0	4	2	-1	1
5	2	4	7	2	-1	0
5	2	6	8	2	-1	0
1	3	7	9	18	3	-1	1
1	3	8	10	11	3	-1	1
2	1	9	1	-1	0
1	2	9	12	2	-1	1
1	2	11	13	2	-1	1
1	3	12	14	18	3	-1	1
1	2	13	15	2	-1	1
1	3	14	16	24	3	-1	1
1	2	15	17	2	-1	1
1	3	16	18	19	3	-1	1
1	3	8	13	17	3	-1	1
3	4	17	20	21	22	4	-1	0
2	1	19	1	-1	0
2	1	19	1	-1	0
2	2	19	23	2	-1	0
6	1	22	1	0	0
3	4	15	25	26	27	4	-1	0
2	1	24	1	-1	0
2	1	24	1	-1	0
2	2	24	28	2	-1	0
6	1	27	1	0	0
26	1
2	2	1	9	2	-1	0
1	2	0	2	2	-1	0
1	3	1	3	5	3	-1	0
1	2	2	4	2	-1	0
1	1	3	1	-1	0
1	2	2	6	2	-1	0
1	2	5	7	2	-1	0
1	2	6	8	2	-1	0
1	1	7	1	-1	0
1	3	0	10	11	3	-1	0
2	1	9	1	-1	0
1	2	9	12	2	-1	0
1	2	11	13	2	-1	0
1	2	12	14	2	-1	0
1	2	13	15	2	-1	0
1	3	14	16	17	3	-1	0
2	1	15	1	-1	0
2	2	15	18	2	-1	0
1	2	17	19	2	-1	0
1	3	18	20	22	3	-1	0
1	2	19	21	2	-1	0
1	1	20	1	-1	0
1	2	19	23	2	-1	0
1	2	22	24	2	-1	0
1	2	23	25	2	-1	0
1	1	24	1	-1	0
23	-1
1	2	1	12	2	-1	1
1	2	0	2	2	-1	1
1	2	1	3	2	-1	1
1	3	2	4	11	3	-1	1
1	3	3	5	6	3	-1	0
2	1	4	1	-1	0
2	2	4	7	2	-1	0
1	2	6	8	2	-1	0
1	2	7	9	2	-1	0
1	2	8	10	2	-1	0
1	1	9	1	-1	0
1	3	3	12	13	3	-1	1
1	2	0	11	2	-1	1
1	3	11	14	15	3	-1	0
2	1	13	1	-1	0
2	2	13	16	2	-1	0
1	2	15	17	2	-1	0
1	3	16	18	22	3	-1	1
1	2	17	19	2	-1	1
1	2	18	20	2	-1	1
1	2	19	21	2	-1	1
1	2	20	22	2	-1	1
1	2	17	21	2	-1	1
8	-1
2	1	1	1	-1	0
1	3	0	2	7	3	-1	0
1	2	1	3	2	-1	0
1	2	2	4	2	-1	0
1	2	3	5	2	-1	0
1	2	4	6	2	-1	0
1	2	5	7	2	-1	0
5	2	1	6	2	-1	0
17	-1
1	3	1	6	7	3	-1	1
1	2	0	2	2	-1	1
1	2	1	3	2	-1	1
1	3	2	4	5	3	-1	1
2	1	3	1	-1	0
1	2	3	6	2	-1	1
1	2	0	5	2	-1	1
1	4	0	8	9	10	4	-1	0
1	1	7	1	-1	0
1	1	7	1	-1	0
1	3	7	11	16	3	-1	1
1	2	10	12	2	-1	1
1	2	11	13	2	-1	1
1	3	12	14	15	3	-1	1
2	1	13	1	-1	0
1	2	13	16	2	-1	1
1	2	10	15	2	-1	1
14	-1
1	2	1	9	2	-1	0
1	2	0	2	2	-1	0
1	2	1	3	2	-1	0
1	2	2	4	2	-1	0
1	2	3	5	2	-1	0
1	2	4	6	2	-1	0
1	2	5	7	2	-1	0
1	2	6	8	2	-1	0
5	1	7	1	-1	0
1	2	0	10	2	-1	0
1	2	9	11	2	-1	0
1	3	10	12	13	3	-1	0
2	1	11	1	-1	0
2	1	11	1	-1	0
28	1
1	2	1	16	2	-1	1
1	2	0	2	2	-1	1
1	2	1	3	2	-1	1
1	3	2	4	15	3	-1	1
1	3	3	5	6	3	-1	0
2	1	4	1	-1	0
2	2	4	7	2	-1	0
1	2	6	8	2	-1	0
1	3	7	9	11	3	-1	0
1	2	8	10	2	-1	0
1	1	9	1	-1	0
1	2	8	12	2	-1	0
1	2	11	13	2	-1	0
1	2	12	14	2	-1	0
1	1	13	1	-1	0
1	3	3	16	17	3	-1	1
1	2	0	15	2	-1	1
1	3	15	18	19	3	-1	0
2	1	17	1	-1	0
2	2	17	20	2	-1	0
1	2	19	21	2	-1	0
1	3	20	22	24	3	-1	0
1	2	21	23	2	-1	0
1	1	22	1	-1	0
1	2	21	25	2	-1	0
1	2	24	26	2	-1	0
1	2	25	27	2	-1	0
1	1	26	1	-1	0
10	1
5	1	1	1	-1	0
1	3	0	2	8	3	-1	1
1	3	1	3	4	3	-1	1
0	1	2	1	-1	0
1	2	2	5	2	-1	1
1	3	4	6	7	3	-1	1
5	1	5	1	-1	0
1	2	5	8	2	-1	1
1	3	1	7	9	3	-1	1
0	1	8	1	-1	0
33	-1
1	3	1	27	28	3	-1	1
1	2	0	2	2	-1	1
1	2	1	3	2	-1	1
1	3	2	4	22	3	-1	1
5	2	3	5	2	-1	0
5	2	4	6	2	-1	0
1	3	5	7	15	3	-1	1
1	2	6	8	2	-1	1
1	3	7	9	17	3	-1	1
1	3	8	10	14	3	-1	1
1	2	9	11	2	-1	1
1	2	10	12	2	-1	1
1	2	11	13	2	-1	1
1	2	12	14	2	-1	1
1	3	9	13	15	3	-1	1
1	3	6	14	16	3	-1	1
2	1	15	1	-1	0
3	4	8	18	19	20	4	-1	0
2	1	17	1	-1	0
2	1	17	1	-1	0
2	2	17	21	2	-1	0
6	1	20	1	0	0
1	3	3	23	27	3	-1	1
1	2	22	24	2	-1	1
1	2	23	25	2	-1	1
1	2	24	26	2	-1	1
1	2	25	27	2	-1	1
1	3	0	22	26	3	-1	1
3	4	0	29	30	31	4	-1	0
2	1	28	1	-1	0
2	1	28	1	-1	0
2	2	28	32	2	-1	0
6	1	31	1	0	0
20	1
1	2	1	5	2	-1	1
1	2	0	2	2	-1	1
1	3	1	3	10	3	-1	1
1	2	2	4	2	-1	1
1	2	3	5	2	-1	1
1	3	0	4	6	3	-1	1
5	2	5	7	2	-1	0
1	3	6	8	9	3	-1	0
1	1	7	1	-1	0
2	1	7	1	-1	0
5	2	2	11	2	-1	0
5	2	10	12	2	-1	0
1	3	11	13	18	3	-1	1
1	2	12	14	2	-1	1
1	3	13	15	16	3	-1	1
1	1	14	1	-1	0
1	2	14	17	2	-1	1
1	2	16	18	2	-1	1
1	3	12	17	19	3	-1	1
2	1	18	1	-1	0
51	-1
1	2	1	9	2	-1	1
1	2	0	2	2	-1	1
1	3	1	3	7	3	-1	1
1	2	2	4	2	-1	1
1	2	3	5	2	-1	1
1	2	4	6	2	-1	1
1	2	5	7	2	-1	1
1	3	2	6	8	3	-1	1
1	3	7	9	11	3	-1	1
1	3	0	8	10	3	-1	1
2	1	9	1	-1	0
5	2	8	12	2	-1	0
5	2	11	13	2	-1	0
1	3	12	14	20	3	-1	1
1	2	13	15	2	-1	1
1	3	14	16	17	3	-1	1
1	1	15	1	-1	0
1	3	15	18	19	3	-1	1
0	1	17	1	-1	0
1	2	17	20	2	-1	1
1	3	13	19	21	3	-1	1
3	4	20	22	23	24	4	-1	0
2	1	21	1	-1	0
2	1	21	1	-1	0
2	2	21	25	2	-1	0
13	2	24	26	2	0	0
2	2	25	27	2	-1	0
3	4	26	28	29	30	4	-1	0
2	1	27	1	-1	0
2	1	27	1	-1	0
1	3	27	31	37	3	-1	1
1	2	30	32	2	-1	1
1	3	31	33	34	3	-1	1
0	1	32	1	-1	0
1	3	32	35	36	3	-1	1
1	1	34	1	-1	0
1	2	34	37	2	-1	1
1	3	30	36	38	3	-1	1
5	2	37	39	2	-1	0
5	2	38	40	2	-1	0
1	3	39	41	50	3	-1	1
1	3	40	42	43	3	-1	1
2	1	41	1	-1	0
1	2	41	44	2	-1	1
1	2	43	45	2	-1	1
1	3	44	46	50	3	-1	1
1	2	45	47	2	-1	1
1	2	46	48	2	-1	1
1	2	47	49	2	-1	1
1	2	48	50	2	-1	1
1	3	40	45	49	3	-1	1
19	-1
5	2	1	8	2	-1	0
5	2	0	2	2	-1	0
1	3	1	3	7	3	-1	1
1	2	2	4	2	-1	1
1	2	3	5	2	-1	1
1	2	4	6	2	-1	1
1	2	5	7	2	-1	1
1	2	2	6	2	-1	1
1	3	0	9	18	3	-1	1
1	3	8	10	11	3	-1	1
2	1	9	1	-1	0
1	2	9	12	2	-1	1
1	2	11	13	2	-1	1
1	3	12	14	18	3	-1	1
1	2	13	15	2	-1	1
1	2	14	16	2	-1	1
1	2	15	17	2	-1	1
1	2	16	18	2	-1	1
1	3	8	13	17	3	-1	1
4	-1
1	3	1	2	3	3	-1	0
1	1	0	1	-1	0
0	1	0	1	-1	0
0	1	0	1	-1	0
7	1
1	4	1	2	3	4	4	-1	0
0	1	0	1	-1	0
0	1	0	1	-1	0
0	1	0	1	-1	0
1	3	0	5	6	3	-1	0
0	1	4	1	-1	0
0	1	4	1	-1	0
13	1
1	3	1	5	6	3	-1	1
1	2	0	2	2	-1	1
1	2	1	3	2	-1	1
1	2	2	4	2	-1	1
1	2	3	5	2	-1	1
1	2	0	4	2	-1	1
1	3	0	7	11	3	-1	1
1	2	6	8	2	-1	1
1	2	7	9	2	-1	1
1	2	8	10	2	-1	1
1	2	9	11	2	-1	1
1	3	6	10	12	3	-1	1
5	1	11	1	-1	0
6	-1
1	1	1	1	-1	0
1	2	0	2	2	-1	0
1	2	1	3	2	-1	0
5	2	2	4	2	-1	0
1	2	3	5	2	-1	0
3	1	4	1	-1	0
23	1
1	2	1	21	2	-1	1
1	3	0	2	3	3	-1	1
2	1	1	1	-1	0
1	2	1	4	2	-1	1
1	3	3	5	20	3	-1	1
1	2	4	6	2	-1	0
1	2	5	7	2	-1	0
1	2	6	8	2	-1	0
1	2	7	9	2	-1	0
1	2	8	10	2	-1	0
1	3	9	11	12	3	-1	0
2	1	10	1	-1	0
1	2	10	13	2	-1	0
1	2	12	14	2	-1	0
1	2	13	15	2	-1	0
1	3	14	16	17	3	-1	0
1	1	15	1	-1	0
2	2	15	18	2	-1	0
1	3	17	19	20	3	-1	0
2	1	18	1	-1	0
1	3	4	18	21	3	-1	1
1	3	0	20	22	3	-1	1
2	1	21	1	-1	0
12	-1
1	3	1	2	6	3	-1	0
2	1	0	1	-1	0
1	3	0	3	4	3	-1	0
2	1	2	1	-1	0
1	2	2	5	2	-1	0
2	1	4	1	-1	0
1	3	0	7	8	3	-1	0
2	1	6	1	-1	0
1	3	6	9	10	3	-1	0
2	1	8	1	-1	0
1	2	8	11	2	-1	0
2	1	10	1	-1	0
6	1
1	2	1	2	2	-1	0
0	1	0	1	-1	0
1	4	0	3	4	5	4	-1	0
0	1	2	1	-1	0
0	1	2	1	-1	0
0	1	2	1	-1	0
15	-1
1	3	1	2	7	3	-1	1
2	1	0	1	-1	0
1	2	0	3	2	-1	1
1	3	2	4	9	3	-1	1
1	2	3	5	2	-1	1
1	3	4	6	7	3	-1	1
2	1	5	1	-1	0
1	3	0	5	8	3	-1	1
2	1	7	1	-1	0
1	3	3	10	11	3	-1	0
2	1	9	1	-1	0
2	2	9	12	2	-1	0
1	2	11	13	2	-1	0
1	2	12	14	2	-1	0
1	1	13	1	-1	0
5	1
1	2	1	2	2	-1	0
0	1	0	1	-1	0
1	3	0	3	4	3	-1	0
0	1	2	1	-1	0
0	1	2	1	-1	0
9	-1
5	1	1	1	-1	0
1	3	0	2	8	3	-1	1
5	2	1	3	2	-1	1
1	3	2	4	5	3	-1	1
5	1	3	1	-1	0
5	2	3	6	2	-1	1
1	3	5	7	8	3	-1	1
5	1	6	1	-1	0
5	2	1	6	2	-1	1
12	-1
1	3	1	2	7	3	-1	0
2	1	0	1	-1	0
1	3	0	3	4	3	-1	0
2	1	2	1	-1	0
1	3	2	5	6	3	-1	0
2	1	4	1	-1	0
2	2	4	7	2	-1	0
1	3	0	6	8	3	-1	0
1	3	7	9	10	3	-1	0
2	1	8	1	-1	0
1	2	8	11	2	-1	0
2	1	10	1	-1	0
15	1
1	2	1	8	2	-1	0
1	3	0	2	7	3	-1	1
1	2	1	3	2	-1	1
1	2	2	4	2	-1	1
1	3	3	5	6	3	-1	1
5	1	4	1	-1	0
1	2	4	7	2	-1	1
1	2	1	6	2	-1	1
1	3	0	9	14	3	-1	1
1	2	8	10	2	-1	1
1	2	9	11	2	-1	1
1	3	10	12	13	3	-1	1
5	1	11	1	-1	0
1	2	11	14	2	-1	1
1	2	8	13	2	-1	1
10	1
1	1	1	1	-1	0
1	3	0	2	3	3	-1	0
1	1	1	1	-1	0
1	2	1	4	2	-1	0
1	3	3	5	6	3	-1	0
2	1	4	1	-1	0
2	2	4	7	2	-1	0
1	2	6	8	2	-1	0
1	2	7	9	2	-1	0
1	1	8	1	-1	0
8	-1
1	2	1	6	2	-1	1
1	2	0	2	2	-1	1
1	2	1	3	2	-1	1
1	2	2	4	2	-1	1
1	3	3	5	6	3	-1	1
0	1	4	1	-1	0
1	3	0	4	7	3	-1	1
0	1	6	1	-1	0
16	1
2	2	1	5	2	-1	0
1	2	0	2	2	-1	0
1	3	1	3	4	3	-1	0
1	2	2	4	2	-1	0
2	2	2	3	2	-1	0
1	3	0	6	10	3	-1	1
1	2	5	7	2	-1	1
1	2	6	8	2	-1	1
1	2	7	9	2	-1	1
1	3	8	10	11	3	-1	1
1	2	5	9	2	-1	1
2	2	9	12	2	-1	0
1	2	11	13	2	-1	0
1	3	12	14	15	3	-1	0
1	2	13	15	2	-1	0
2	2	13	14	2	-1	0
7	1
1	3	1	2	4	3	-1	0
2	1	0	1	-1	0
1	2	0	3	2	-1	0
1	1	2	1	-1	0
2	2	0	5	2	-1	0
1	2	4	6	2	-1	0
1	1	5	1	-1	0
7	-1
1	2	1	5	2	-1	1
1	2	0	2	2	-1	1
1	2	1	3	2	-1	1
1	2	2	4	2	-1	1
1	2	3	5	2	-1	1
1	3	0	4	6	3	-1	1
0	1	5	1	-1	0
5	1
1	3	1	2	3	3	-1	0
1	1	0	1	-1	0
0	1	0	1	-1	0
1	2	0	4	2	-1	0
0	1	3	1	-1	0
13	-1
5	2	1	6	2	-1	0
1	3	0	2	3	3	-1	0
2	1	1	1	-1	0
5	3	1	4	5	3	-1	0
1	1	3	1	-1	0
1	1	3	1	-1	0
1	3	0	7	12	3	-1	1
1	2	6	8	2	-1	1
1	2	7	9	2	-1	1
1	3	8	10	11	3	-1	1
0	1	9	1	-1	0
1	2	9	12	2	-1	1
1	2	6	11	2	-1	1
4	1
1	1	1	1	-1	0
1	3	0	2	3	3	-1	0
1	2	1	3	2	-1	0
2	2	1	2	2	-1	0
5	1
1	2	1	3	2	-1	0
1	2	0	2	2	-1	0
0	1	1	1	-1	0
1	2	0	4	2	-1	0
0	1	3	1	-1	0
18	1
1	3	1	5	15	3	-1	1
1	2	0	2	2	-1	1
1	3	1	3	8	3	-1	1
1	2	2	4	2	-1	1
1	2	3	5	2	-1	1
1	3	0	4	6	3	-1	1
5	2	5	7	2	-1	0
1	1	6	1	-1	0
5	3	2	9	12	3	-1	0
1	2	8	10	2	-1	0
1	2	9	11	2	-1	0
2	1	10	1	-1	0
1	2	8	13	2	-1	0
1	2	12	14	2	-1	0
2	1	13	1	-1	0
5	3	0	16	17	3	0	0
2	1	15	1	-1	0
2	1	15	1	0	0
3	-1
1	1	1	1	-1	0
1	2	0	2	2	-1	0
1	1	1	1	-1	0
29	1
4	4	1	2	11	20	4	-1	0
2	1	0	1	-1	0
2	2	0	3	2	-1	0
1	2	2	4	2	-1	0
1	3	3	5	7	3	-1	0
1	2	4	6	2	-1	0
1	1	5	1	-1	0
1	2	4	8	2	-1	0
1	2	7	9	2	-1	0
1	2	8	10	2	-1	0
1	1	9	1	-1	0
2	2	0	12	2	-1	0
1	2	11	13	2	-1	0
1	3	12	14	16	3	-1	0
1	2	13	15	2	-1	0
1	1	14	1	-1	0
1	2	13	17	2	-1	0
1	2	16	18	2	-1	0
1	2	17	19	2	-1	0
1	1	18	1	-1	0
2	2	0	21	2	-1	0
1	2	20	22	2	-1	0
1	3	21	23	25	3	-1	0
1	2	22	24	2	-1	0
1	1	23	1	-1	0
1	2	22	26	2	-1	0
1	2	25	27	2	-1	0
1	2	26	28	2	-1	0
1	1	27	1	-1	0
4	-1
1	2	1	2	2	-1	0
0	1	0	1	-1	0
1	2	0	3	2	-1	0
2	1	2	1	-1	0
11	-1
1	2	1	10	2	-1	1
1	2	0	2	2	-1	1
1	3	1	3	4	3	-1	1
2	1	2	1	-1	0
1	3	2	5	9	3	-1	1
5	2	4	6	2	-1	1
1	2	5	7	2	-1	1
1	2	6	8	2	-1	1
1	2	7	9	2	-1	1
1	3	4	8	10	3	-1	1
1	2	0	9	2	-1	1
4	1
0	1	1	1	-1	0
1	3	0	2	3	3	-1	0
7	1	1	1	-1	0
7	1	1	1	-1	0
22	1
1	3	1	8	15	3	-1	0
1	3	0	2	7	3	-1	0
1	2	1	3	2	-1	0
1	2	2	4	2	-1	0
1	3	3	5	6	3	-1	0
5	1	4	1	-1	0
1	2	4	7	2	-1	0
1	2	1	6	2	-1	0
1	3	0	9	14	3	-1	1
1	2	8	10	2	-1	1
1	2	9	11	2	-1	1
1	3	10	12	13	3	-1	1
5	1	11	1	-1	0
1	2	11	14	2	-1	1
1	2	8	13	2	-1	1
1	3	0	16	21	3	-1	1
1	2	15	17	2	-1	1
1	2	16	18	2	-1	1
1	3	17	19	20	3	-1	1
5	1	18	1	-1	0
1	2	18	21	2	-1	1
1	2	15	20	2	-1	1
7	-1
2	1	1	1	-1	0
4	4	0	2	3	5	4	-1	0
14	1	1	1	0	0
2	2	1	4	2	-1	0
1	1	3	1	-1	0
2	2	1	6	2	-1	0
1	1	5	1	-1	0
6	1
1	2	1	5	2	-1	1
1	2	0	2	2	-1	1
1	2	1	3	2	-1	1
1	2	2	4	2	-1	1
1	2	3	5	2	-1	1
1	2	0	4	2	-1	1
10	-1
1	1	1	1	-1	0
1	4	0	2	3	9	4	-1	0
1	1	1	1	-1	0
1	2	1	4	2	-1	0
1	3	3	5	6	3	-1	0
1	1	4	1	-1	0
1	2	4	7	2	-1	0
1	3	6	8	9	3	-1	0
2	1	7	1	-1	0
1	2	1	7	2	-1	0
20	-1
1	2	1	9	2	-1	1
1	2	0	2	2	-1	1
1	3	1	3	7	3	-1	1
5	2	2	4	2	-1	0
1	2	3	5	2	-1	0
1	2	4	6	2	-1	0
2	1	5	1	-1	0
1	3	2	8	17	3	-1	1
1	2	7	9	2	-1	1
1	3	0	8	10	3	-1	1
5	3	9	11	14	3	-1	0
1	2	10	12	2	-1	0
1	2	11	13	2	-1	0
2	1	12	1	-1	0
1	2	10	15	2	-1	0
1	2	14	16	2	-1	0
2	1	15	1	-1	0
5	3	7	18	19	3	0	0
2	1	17	1	-1	0
2	1	17	1	0	0
12	-1
4	4	1	2	4	6	4	-1	0
2	1	0	1	-1	0
2	2	0	3	2	-1	0
1	1	2	1	-1	0
2	2	0	5	2	-1	0
1	1	4	1	-1	0
5	3	0	7	11	3	-1	0
1	2	6	8	2	-1	0
1	2	7	9	2	-1	0
2	2	8	10	2	-1	0
1	2	9	11	2	-1	0
1	2	6	10	2	-1	0
20	-1
2	1	1	1	-1	0
1	3	0	2	19	3	-1	0
1	3	1	3	9	3	-1	1
1	3	2	4	5	3	-1	1
5	1	3	1	-1	0
1	2	3	6	2	-1	1
1	2	5	7	2	-1	1
1	3	6	8	9	3	-1	1
5	1	7	1	-1	0
1	3	2	7	10	3	-1	1
1	3	9	11	12	3	-1	0
2	1	10	1	-1	0
1	3	10	13	19	3	-1	1
1	3	12	14	15	3	-1	1
5	1	13	1	-1	0
1	2	13	16	2	-1	1
1	2	15	17	2	-1	1
1	3	16	18	19	3	-1	1
5	1	17	1	-1	0
1	3	1	12	17	3	-1	1
5	1
1	3	1	2	3	3	-1	0
1	1	0	1	-1	0
1	1	0	1	-1	0
1	2	0	4	2	-1	0
0	1	3	1	-1	0
8	1
1	2	1	2	2	-1	0
1	1	0	1	-1	0
1	3	0	3	7	3	-1	0
1	2	2	4	2	-1	0
1	2	3	5	2	-1	0
1	2	4	6	2	-1	0
1	2	5	7	2	-1	0
1	2	2	6	2	-1	0
19	-1
0	1	1	1	-1	0
1	4	0	2	12	16	4	-1	0
1	3	1	3	4	3	-1	0
0	1	2	1	-1	0
1	3	2	5	6	3	-1	0
0	1	4	1	-1	0
1	4	4	7	8	16	4	-1	0
0	1	6	1	-1	0
1	3	6	9	12	3	-1	0
1	3	8	10	11	3	-1	0
2	1	9	1	-1	0
2	1	9	1	-1	0
1	3	1	8	13	3	-1	0
1	3	12	14	15	3	-1	0
2	1	13	1	-1	0
2	1	13	1	-1	0
1	4	1	6	17	18	4	-1	0
0	1	16	1	-1	0
0	1	16	1	-1	0
3	1
1	2	1	2	2	-1	0
0	1	0	1	-1	0
0	1	0	1	-1	0
12	-1
1	2	1	5	2	-1	1
1	2	0	2	2	-1	1
1	2	1	3	2	-1	1
1	2	2	4	2	-1	1
1	2	3	5	2	-1	1
1	3	0	4	6	3	-1	1
1	3	5	7	8	3	-1	0
2	1	6	1	-1	0
1	3	6	9	10	3	-1	0
1	1	8	1	-1	0
5	2	8	11	2	-1	0
1	1	10	1	-1	0
17	1
1	2	1	2	2	-1	0
0	1	0	1	-1	0
1	2	0	3	2	-1	0
1	3	2	4	5	3	-1	0
0	1	3	1	-1	0
1	2	3	6	2	-1	0
1	3	5	7	8	3	-1	0
0	1	6	1	-1	0
1	2	6	9	2	-1	0
1	2	8	10	2	-1	0
1	3	9	11	12	3	-1	0
0	1	10	1	-1	0
1	2	10	13	2	-1	0
1	3	12	14	15	3	-1	0
0	1	13	1	-1	0
1	2	13	16	2	-1	0
1	1	15	1	-1	0
23	-1
2	2	1	12	2	-1	0
1	3	0	2	10	3	-1	1
1	3	1	3	4	3	-1	1
7	1	2	1	-1	0
1	3	2	5	6	3	-1	1
7	1	4	1	-1	0
1	3	4	7	8	3	-1	1
7	1	6	1	-1	0
1	3	6	9	10	3	-1	1
7	1	8	1	-1	0
1	3	1	8	11	3	-1	1
7	1	10	1	-1	0
1	3	0	13	21	3	-1	1
1	3	12	14	15	3	-1	1
7	1	13	1	-1	0
1	3	13	16	17	3	-1	1
7	1	15	1	-1	0
1	3	15	18	19	3	-1	1
7	1	17	1	-1	0
1	3	17	20	21	3	-1	1
7	1	19	1	-1	0
1	3	12	19	22	3	-1	1
7	1	21	1	-1	0
6	1
1	3	1	2	3	3	-1	0
0	1	0	1	-1	0
0	1	0	1	-1	0
1	3	0	4	5	3	-1	0
0	1	3	1	-1	0
0	1	3	1	-1	0
5	-1
0	1	1	1	-1	0
1	2	0	2	2	-1	0
1	2	1	3	2	-1	0
1	2	2	4	2	-1	0
1	1	3	1	-1	0
7	-1
1	1	1	1	-1	0
1	3	0	2	3	3	-1	0
1	1	1	1	-1	0
1	3	1	4	5	3	-1	0
2	1	3	1	-1	0
2	2	3	6	2	-1	0
1	1	5	1	-1	0
33	-1
2	1	1	1	-1	0
1	4	0	2	14	19	4	-1	0
1	3	1	3	4	3	-1	0
2	1	2	1	-1	0
1	3	2	5	8	3	-1	0
1	3	4	6	7	3	-1	0
5	1	5	1	-1	0
2	1	5	1	-1	0
1	3	4	9	10	3	-1	0
2	1	8	1	-1	0
1	3	8	11	14	3	-1	0
5	3	10	12	13	3	-1	0
1	1	11	1	-1	0
1	1	11	1	-1	0
1	3	1	10	15	3	-1	0
1	3	14	16	17	3	-1	0
2	1	15	1	-1	0
1	3	15	18	30	3	-1	0
1	3	17	19	21	3	-1	0
1	3	1	18	20	3	-1	0
2	1	19	1	-1	0
1	3	18	22	23	3	-1	0
2	1	21	1	-1	0
1	3	21	24	29	3	-1	1
1	3	23	25	26	3	-1	1
2	1	24	1	-1	0
1	2	24	27	2	-1	1
1	2	26	28	2	-1	1
1	2	27	29	2	-1	1
1	3	23	28	30	3	-1	1
1	4	17	29	31	32	4	-1	0
1	1	30	1	-1	0
2	1	30	1	-1	0
5	1
1	2	1	2	2	-1	0
0	1	0	1	-1	0
1	3	0	3	4	3	-1	0
1	1	2	1	-1	0
1	1	2	1	-1	0
24	-1
1	2	1	5	2	-1	1
1	2	0	2	2	-1	1
1	2	1	3	2	-1	1
1	2	2	4	2	-1	1
1	3	3	5	6	3	-1	1
1	2	0	4	2	-1	1
1	3	4	7	8	3	-1	0
5	1	6	1	-1	0
1	3	6	9	10	3	-1	0
2	1	8	1	-1	0
5	2	8	11	2	-1	0
1	3	10	12	15	3	-1	0
1	3	11	13	14	3	-1	0
2	1	12	1	-1	0
5	3	12	15	20	3	-1	0
1	3	11	14	16	3	-1	0
3	2	15	17	2	-1	0
1	4	16	18	19	20	4	-1	0
1	1	17	1	-1	0
1	1	17	1	-1	0
1	3	14	17	21	3	-1	0
1	3	20	22	23	3	-1	0
2	1	21	1	-1	0
2	1	21	1	-1	0
8	1
1	2	1	6	2	-1	1
1	2	0	2	2	-1	1
1	3	1	3	4	3	-1	1
0	1	2	1	-1	0
1	2	2	5	2	-1	1
1	2	4	6	2	-1	1
1	3	0	5	7	3	-1	1
0	1	6	1	-1	0
29	-1
2	1	1	1	-1	0
1	3	0	2	25	3	-1	0
1	3	1	3	10	3	-1	1
1	2	2	4	2	-1	1
1	2	3	5	2	-1	1
1	3	4	6	9	3	-1	1
2	2	5	7	2	-1	0
1	3	6	8	26	3	-1	0
1	2	7	9	2	-1	0
1	3	5	8	10	3	-1	1
1	3	2	9	11	3	-1	1
2	2	10	12	2	-1	0
1	3	11	13	25	3	-1	0
1	2	12	14	2	-1	0
2	2	13	15	2	-1	0
1	3	14	16	24	3	-1	1
1	2	15	17	2	-1	1
1	3	16	18	20	3	-1	1
2	2	17	19	2	-1	0
1	1	18	1	-1	0
1	3	17	21	23	3	-1	1
2	2	20	22	2	-1	0
1	1	21	1	-1	0
1	2	20	24	2	-1	1
1	3	15	23	25	3	-1	1
1	3	1	12	24	3	-1	0
1	3	7	27	28	3	-1	0
1	1	26	1	-1	0
1	1	26	1	-1	0
4	1
1	3	1	2	3	3	-1	0
7	1	0	1	-1	0
0	1	0	1	-1	0
0	1	0	1	-1	0
12	-1
1	3	1	2	6	3	-1	1
2	1	0	1	-1	0
1	2	0	3	2	-1	1
1	2	2	4	2	-1	1
1	2	3	5	2	-1	1
1	3	4	6	7	3	-1	1
1	2	0	5	2	-1	1
1	3	5	8	9	3	-1	0
2	1	7	1	-1	0
1	2	7	10	2	-1	0
5	2	9	11	2	-1	0
1	1	10	1	-1	0
7	-1
4	4	1	2	3	5	4	-1	0
1	1	0	1	-1	0
2	1	0	1	-1	0
2	2	0	4	2	-1	0
1	1	3	1	-1	0
2	2	0	6	2	-1	0
1	1	5	1	-1	0
5	-1
1	3	1	2	3	3	-1	0
5	1	0	1	-1	0
2	1	0	1	-1	0
2	2	0	4	2	-1	0
1	1	3	1	-1	0
5	-1
1	2	1	2	2	-1	0
1	1	0	1	-1	0
1	3	0	3	4	3	-1	0
1	2	2	4	2	-1	0
2	2	2	3	2	-1	0
14	-1
1	2	1	6	2	-1	0
1	2	0	2	2	-1	0
1	2	1	3	2	-1	0
1	2	2	4	2	-1	0
1	2	3	5	2	-1	0
1	1	4	1	-1	0
1	3	0	7	12	3	-1	1
1	2	6	8	2	-1	1
1	2	7	9	2	-1	1
1	3	8	10	11	3	-1	1
2	1	9	1	-1	0
1	2	9	12	2	-1	1
1	3	6	11	13	3	-1	1
2	1	12	1	-1	0
6	-1
1	2	1	3	2	-1	0
2	2	0	2	2	-1	0
6	1	1	1	0	0
1	2	0	4	2	-1	0
1	2	3	5	2	-1	0
2	1	4	1	-1	0
11	-1
2	1	1	1	0	0
5	3	0	2	3	3	0	0
2	1	1	1	-1	0
1	3	1	4	10	3	-1	1
1	2	3	5	2	-1	1
1	2	4	6	2	-1	1
1	3	5	7	8	3	-1	1
5	1	6	1	-1	0
1	3	6	9	10	3	-1	1
2	1	8	1	-1	0
1	2	3	8	2	-1	1
31	-1
1	2	1	5	2	-1	1
1	2	0	2	2	-1	1
1	2	1	3	2	-1	1
1	2	2	4	2	-1	1
1	3	3	5	6	3	-1	1
1	2	0	4	2	-1	1
5	2	4	7	2	-1	0
1	3	6	8	25	3	-1	1
1	2	7	9	2	-1	1
1	2	8	10	2	-1	1
1	3	9	11	24	3	-1	1
5	2	10	12	2	-1	0
1	3	11	13	17	3	-1	1
1	2	12	14	2	-1	1
1	2	13	15	2	-1	1
1	3	14	16	21	3	-1	1
1	2	15	17	2	-1	1
1	3	12	16	18	3	-1	1
5	3	17	19	20	3	0	0
2	1	18	1	-1	0
2	1	18	1	0	0
5	3	15	22	23	3	0	0
2	1	21	1	-1	0
2	1	21	1	0	0
1	2	10	25	2	-1	1
1	3	7	24	26	3	-1	1
3	4	25	27	28	29	4	-1	0
2	1	26	1	-1	0
2	1	26	1	-1	0
2	2	26	30	2	-1	0
6	1	29	1	0	0
25	-1
2	2	1	19	2	-1	0
1	2	0	2	2	-1	0
1	3	1	3	4	3	-1	0
2	1	2	1	-1	0
5	2	2	5	2	-1	0
1	3	4	6	9	3	-1	0
1	3	5	7	8	3	-1	0
2	1	6	1	-1	0
5	3	6	9	14	3	-1	0
1	3	5	8	10	3	-1	0
3	2	9	11	2	-1	0
1	4	10	12	13	14	4	-1	0
1	1	11	1	-1	0
1	1	11	1	-1	0
1	3	8	11	15	3	-1	0
1	3	14	16	17	3	-1	0
2	1	15	1	-1	0
2	2	15	18	2	-1	0
15	1	17	1	0	0
1	3	0	20	24	3	-1	1
1	2	19	21	2	-1	1
1	2	20	22	2	-1	1
1	2	21	23	2	-1	1
1	2	22	24	2	-1	1
1	2	19	23	2	-1	1
14	1
2	1	1	1	0	0
5	3	0	2	3	3	0	0
2	1	1	1	-1	0
1	3	1	4	13	3	-1	0
1	2	3	5	2	-1	0
1	2	4	6	2	-1	0
1	3	5	7	13	3	-1	0
1	2	6	8	2	-1	0
5	2	7	9	2	-1	0
5	2	8	10	2	-1	0
1	3	9	11	12	3	-1	0
5	1	10	1	-1	0
2	1	10	1	-1	0
2	2	3	6	2	-1	0
11	-1
2	1	1	1	0	0
5	3	0	2	3	3	0	0
2	1	1	1	-1	0
1	3	1	4	10	3	-1	1
1	2	3	5	2	-1	1
1	2	4	6	2	-1	1
1	3	5	7	8	3	-1	1
2	1	6	1	-1	0
1	3	6	9	10	3	-1	1
5	1	8	1	-1	0
1	2	3	8	2	-1	1
17	1
5	2	1	10	2	-1	0
1	2	0	2	2	-1	0
1	3	1	3	6	3	-1	0
1	2	2	4	2	-1	0
1	2	3	5	2	-1	0
1	3	4	6	7	3	-1	0
2	2	2	5	2	-1	0
5	3	5	8	9	3	0	0
2	1	7	1	-1	0
2	1	7	1	0	0
5	3	0	11	15	3	-1	0
1	2	10	12	2	-1	0
1	3	11	13	14	3	-1	0
2	1	12	1	-1	0
5	2	12	15	2	-1	0
1	3	10	14	16	3	-1	0
2	1	15	1	-1	0
11	1
4	4	1	2	4	6	4	-1	0
2	1	0	1	-1	0
2	2	0	3	2	-1	0
1	1	2	1	-1	0
2	2	0	5	2	-1	0
1	1	4	1	-1	0
2	2	0	7	2	-1	0
1	2	6	8	2	-1	0
1	3	7	9	10	3	-1	0
0	1	8	1	-1	0
0	1	8	1	-1	0
8	-1
1	2	1	5	2	-1	1
1	2	0	2	2	-1	1
1	2	1	3	2	-1	1
1	2	2	4	2	-1	1
1	2	3	5	2	-1	1
1	3	0	4	6	3	-1	1
1	2	5	7	2	-1	0
2	1	6	1	-1	0
32	-1
1	2	1	31	2	-1	1
1	2	0	2	2	-1	1
1	3	1	3	4	3	-1	1
2	1	2	1	-1	0
1	3	2	5	30	3	-1	1
1	3	4	6	7	3	-1	0
2	1	5	1	-1	0
1	3	5	8	26	3	-1	0
1	3	7	9	10	3	-1	0
2	1	8	1	-1	0
1	4	8	11	12	24	4	-1	0
2	1	10	1	-1	0
1	3	10	13	14	3	-1	0
2	1	12	1	-1	0
1	3	12	15	18	3	-1	0
1	3	14	16	17	3	-1	0
5	1	15	1	-1	0
2	1	15	1	-1	0
1	3	14	19	20	3	-1	0
2	1	18	1	-1	0
1	3	18	21	24	3	-1	0
5	3	20	22	23	3	-1	0
1	1	21	1	-1	0
1	1	21	1	-1	0
1	3	10	20	25	3	-1	0
1	2	24	26	2	-1	0
1	3	7	25	27	3	-1	0
1	4	26	28	29	30	4	-1	0
1	1	27	1	-1	0
2	1	27	1	-1	0
1	3	4	27	31	3	-1	1
1	2	0	30	2	-1	1
14	-1
2	1	1	1	0	0
5	3	0	2	3	3	0	0
2	1	1	1	-1	0
1	3	1	4	8	3	-1	1
1	2	3	5	2	-1	1
1	3	4	6	10	3	-1	1
1	2	5	7	2	-1	1
1	2	6	8	2	-1	1
1	3	3	7	9	3	-1	1
2	1	8	1	-1	0
16	4	5	11	12	13	4	0	0
2	1	10	1	-1	0
2	1	10	1	-1	0
2	1	10	1	-1	0
3	1
1	2	1	2	2	-1	0
0	1	0	1	-1	0
1	1	0	1	-1	0
10	-1
1	3	1	2	6	3	-1	0
1	1	0	1	-1	0
1	2	0	3	2	-1	0
1	2	2	4	2	-1	0
1	3	3	5	7	3	-1	0
1	2	4	6	2	-1	0
1	2	0	5	2	-1	0
1	3	4	8	9	3	-1	0
1	1	7	1	-1	0
1	1	7	1	-1	0
15	-1
1	3	1	2	3	3	-1	0
2	1	0	1	-1	0
2	1	0	1	-1	0
1	4	0	4	5	6	4	-1	0
1	1	3	1	-1	0
5	1	3	1	-1	0
1	2	3	7	2	-1	0
1	3	6	8	14	3	-1	1
1	2	7	9	2	-1	1
1	2	8	10	2	-1	1
1	3	9	11	12	3	-1	1
2	1	10	1	-1	0
1	3	10	13	14	3	-1	1
2	1	12	1	-1	0
1	2	7	12	2	-1	1
4	-1
1	3	1	2	3	3	-1	0
7	1	0	1	-1	0
7	1	0	1	-1	0
7	1	0	1	-1	0
8	-1
1	2	1	6	2	-1	1
1	2	0	2	2	-1	1
1	3	1	3	4	3	-1	1
0	1	2	1	-1	0
1	2	2	5	2	-1	1
1	2	4	6	2	-1	1
1	3	0	5	7	3	-1	1
5	1	6	1	-1	0
7	1
1	3	1	2	4	3	-1	0
2	1	0	1	-1	0
1	2	0	3	2	-1	0
1	1	2	1	-1	0
5	2	0	5	2	-1	0
1	2	4	6	2	-1	0
2	1	5	1	-1	0
9	-1
1	3	1	2	7	3	-1	1
0	1	0	1	-1	0
1	2	0	3	2	-1	1
1	3	2	4	5	3	-1	1
0	1	3	1	-1	0
1	2	3	6	2	-1	1
1	2	5	7	2	-1	1
1	3	0	6	8	3	-1	1
2	1	7	1	-1	0
12	-1
1	3	1	2	7	3	-1	0
1	1	0	1	-1	0
2	2	0	3	2	-1	0
1	3	2	4	5	3	-1	0
1	1	3	1	-1	0
2	2	3	6	2	-1	0
1	3	5	7	8	3	-1	0
1	2	0	6	2	-1	0
2	2	6	9	2	-1	0
1	3	8	10	11	3	-1	0
1	1	9	1	-1	0
2	1	9	1	-1	0
19	-1
2	2	1	6	2	-1	0
1	2	0	2	2	-1	0
1	2	1	3	2	-1	0
5	3	2	4	5	3	-1	0
1	1	3	1	-1	0
1	1	3	1	-1	0
1	3	0	7	13	3	-1	0
1	3	6	8	12	3	-1	1
1	2	7	9	2	-1	1
1	2	8	10	2	-1	1
1	2	9	11	2	-1	1
1	2	10	12	2	-1	1
1	2	7	11	2	-1	1
1	3	6	14	18	3	-1	1
1	2	13	15	2	-1	1
1	2	14	16	2	-1	1
1	2	15	17	2	-1	1
1	2	16	18	2	-1	1
1	2	13	17	2	-1	1
21	1
1	3	1	2	3	3	-1	0
2	1	0	1	-1	0
2	1	0	1	-1	0
1	3	0	4	9	3	-1	1
1	2	3	5	2	-1	1
1	3	4	6	17	3	-1	1
1	3	5	7	8	3	-1	1
0	1	6	1	-1	0
1	2	6	9	2	-1	1
1	3	3	8	10	3	-1	1
5	2	9	11	2	-1	0
1	2	10	12	2	-1	0
1	3	11	13	16	3	-1	0
1	2	12	14	2	-1	0
1	2	13	15	2	-1	0
1	2	14	16	2	-1	0
2	2	12	15	2	-1	0
3	4	5	18	19	20	4	-1	0
5	1	17	1	-1	0
2	1	17	1	-1	0
2	1	17	1	-1	0
17	-1
2	1	1	1	-1	0
3	4	0	2	3	12	4	-1	0
2	1	1	1	-1	0
5	2	1	4	2	-1	0
1	2	3	5	2	-1	0
5	2	4	6	2	-1	0
1	3	5	7	12	3	-1	1
1	2	6	8	2	-1	1
1	3	7	9	10	3	-1	1
0	1	8	1	-1	0
1	3	8	11	13	3	-1	1
1	2	10	12	2	-1	1
1	3	1	6	11	3	-1	1
3	4	10	14	15	16	4	-1	0
5	1	13	1	-1	0
2	1	13	1	-1	0
2	1	13	1	-1	0
10	1
1	3	1	2	6	3	-1	0
2	2	0	2	2	-1	0
1	3	0	1	3	3	-1	0
1	2	2	4	2	-1	0
1	2	3	5	2	-1	0
1	3	4	6	7	3	-1	0
1	2	0	5	2	-1	0
1	3	5	8	9	3	-1	0
1	2	7	9	2	-1	0
2	2	7	8	2	-1	0
3	1
1	1	1	1	-1	0
1	2	0	2	2	-1	0
7	1	1	1	-1	0
33	-1
1	3	1	9	21	3	-1	1
1	2	0	2	2	-1	1
1	3	1	3	6	3	-1	1
5	2	2	4	2	-1	0
1	2	3	5	2	-1	0
1	1	4	1	-1	0
1	3	2	7	8	3	-1	1
1	1	6	1	-1	0
1	2	6	9	2	-1	1
1	3	0	8	10	3	-1	1
1	3	9	11	22	3	-1	0
1	3	10	12	20	3	-1	0
1	2	11	13	2	-1	0
1	3	12	14	15	3	-1	0
1	1	13	1	-1	0
1	3	13	16	19	3	-1	0
5	2	15	17	2	-1	0
1	2	16	18	2	-1	0
1	1	17	1	-1	0
1	2	15	20	2	-1	0
1	3	11	19	21	3	-1	0
2	2	0	20	2	-1	0
1	3	10	23	27	3	-1	1
1	2	22	24	2	-1	1
1	2	23	25	2	-1	1
1	2	24	26	2	-1	1
1	2	25	27	2	-1	1
1	3	22	26	28	3	-1	1
1	3	27	29	30	3	-1	0
2	1	28	1	-1	0
2	2	28	31	2	-1	0
1	2	30	32	2	-1	0
1	1	31	1	-1	0
21	-1
1	2	1	5	2	-1	0
2	2	0	2	2	-1	0
5	3	1	3	4	3	0	0
2	1	2	1	-1	0
2	1	2	1	0	0
1	4	0	6	11	16	4	-1	0
1	2	5	7	2	-1	0
2	2	6	8	2	-1	0
5	3	7	9	10	3	0	0
2	1	8	1	-1	0
2	1	8	1	0	0
1	2	5	12	2	-1	0
2	2	11	13	2	-1	0
5	3	12	14	15	3	0	0
2	1	13	1	-1	0
2	1	13	1	0	0
1	2	5	17	2	-1	0
2	2	16	18	2	-1	0
5	3	17	19	20	3	0	0
2	1	18	1	-1	0
2	1	18	1	0	0
8	1
1	2	1	6	2	-1	1
1	2	0	2	2	-1	1
1	3	1	3	4	3	-1	1
2	1	2	1	-1	0
1	2	2	5	2	-1	1
1	2	4	6	2	-1	1
1	3	0	5	7	3	-1	1
2	1	6	1	-1	0
23	-1
2	1	1	1	-1	0
1	3	0	2	16	3	-1	0
1	3	1	3	7	3	-1	0
1	2	2	4	2	-1	0
1	2	3	5	2	-1	0
1	2	4	6	2	-1	0
1	1	5	1	-1	0
1	3	2	8	9	3	-1	0
2	1	7	1	-1	0
5	3	7	10	16	3	-1	0
1	3	9	11	15	3	-1	1
1	2	10	12	2	-1	1
1	2	11	13	2	-1	1
1	2	12	14	2	-1	1
1	2	13	15	2	-1	1
1	2	10	14	2	-1	1
5	3	1	9	17	3	-1	0
1	3	16	18	22	3	-1	1
1	2	17	19	2	-1	1
1	2	18	20	2	-1	1
1	2	19	21	2	-1	1
1	2	20	22	2	-1	1
1	2	17	21	2	-1	1
17	-1
1	2	1	2	2	-1	0
1	1	0	1	-1	0
5	3	0	3	16	3	-1	0
1	2	2	4	2	-1	0
1	3	3	5	8	3	-1	0
1	3	4	6	7	3	-1	0
2	1	5	1	-1	0
2	1	5	1	-1	0
1	3	4	9	10	3	-1	0
2	1	8	1	-1	0
1	3	8	11	16	3	-1	1
1	2	10	12	2	-1	1
1	2	11	13	2	-1	1
1	3	12	14	15	3	-1	1
1	1	13	1	-1	0
5	2	13	16	2	-1	1
1	3	2	10	15	3	-1	1
9	-1
1	3	1	2	3	3	-1	0
1	1	0	1	-1	0
2	1	0	1	-1	0
1	3	0	4	8	3	-1	1
1	2	3	5	2	-1	1
1	2	4	6	2	-1	1
1	2	5	7	2	-1	1
1	2	6	8	2	-1	1
1	2	3	7	2	-1	1
9	1
1	2	1	8	2	-1	1
1	2	0	2	2	-1	1
1	2	1	3	2	-1	1
1	3	2	4	7	3	-1	1
1	2	3	5	2	-1	0
1	2	4	6	2	-1	0
2	2	5	7	2	-1	0
1	3	3	6	8	3	-1	1
1	2	0	7	2	-1	1
7	-1
1	2	1	5	2	-1	1
1	2	0	2	2	-1	1
1	2	1	3	2	-1	1
1	2	2	4	2	-1	1
1	2	3	5	2	-1	1
1	3	0	4	6	3	-1	1
1	1	5	1	-1	0
7	-1
1	2	1	5	2	-1	0
1	2	0	2	2	-1	0
1	3	1	3	4	3	-1	0
2	1	2	1	-1	0
2	2	2	5	2	-1	0
1	3	0	4	6	3	-1	0
2	1	5	1	-1	0
5	1
1	2	1	2	2	-1	0
2	1	0	1	-1	0
1	3	0	3	4	3	-1	0
1	2	2	4	2	-1	0
2	2	2	3	2	-1	0
13	-1
1	2	1	6	2	-1	0
1	3	0	2	4	3	-1	0
1	2	1	3	2	-1	0
5	1	2	1	-1	0
1	2	1	5	2	-1	0
5	1	4	1	-1	0
1	3	0	7	11	3	-1	1
1	2	6	8	2	-1	1
1	2	7	9	2	-1	1
1	2	8	10	2	-1	1
1	2	9	11	2	-1	1
1	3	6	10	12	3	-1	1
0	1	11	1	-1	0
8	1
1	2	1	5	2	-1	1
1	2	0	2	2	-1	1
1	2	1	3	2	-1	1
1	2	2	4	2	-1	1
1	2	3	5	2	-1	1
1	3	0	4	6	3	-1	1
1	2	5	7	2	-1	0
2	1	6	1	-1	0
10	-1
1	2	1	5	2	-1	1
1	2	0	2	2	-1	1
1	2	1	3	2	-1	1
1	2	2	4	2	-1	1
1	3	3	5	6	3	-1	1
1	2	0	4	2	-1	1
1	3	4	7	8	3	-1	0
2	1	6	1	-1	0
1	2	6	9	2	-1	0
0	1	8	1	-1	0
7	1
1	2	1	4	2	-1	0
1	2	0	2	2	-1	0
1	2	1	3	2	-1	0
1	3	2	4	5	3	-1	0
2	2	0	3	2	-1	0
1	2	3	6	2	-1	0
2	1	5	1	-1	0
19	1
2	1	1	1	-1	0
1	3	0	2	18	3	-1	0
1	3	1	3	7	3	-1	1
1	2	2	4	2	-1	1
1	2	3	5	2	-1	1
1	2	4	6	2	-1	1
1	2	5	7	2	-1	1
1	3	2	6	8	3	-1	1
1	3	7	9	10	3	-1	0
2	1	8	1	-1	0
1	3	8	11	18	3	-1	1
1	3	10	12	13	3	-1	1
7	1	11	1	-1	0
1	2	11	14	2	-1	1
1	3	13	15	16	3	-1	1
7	1	14	1	-1	0
1	3	14	17	18	3	-1	1
5	1	16	1	-1	0
1	3	1	10	16	3	-1	1
6	1
1	3	1	2	4	3	-1	0
0	1	0	1	-1	0
1	2	0	3	2	-1	0
0	1	2	1	-1	0
1	2	0	5	2	-1	0
0	1	4	1	-1	0
13	1
1	4	1	4	7	10	4	-1	0
5	3	0	2	3	3	0	0
2	1	1	1	-1	0
2	1	1	1	0	0
5	3	0	5	6	3	0	0
2	1	4	1	-1	0
2	1	4	1	0	0
5	3	0	8	9	3	0	0
2	1	7	1	-1	0
2	1	7	1	0	0
5	3	0	11	12	3	0	0
2	1	10	1	-1	0
2	1	10	1	0	0
10	-1
1	1	1	1	-1	0
1	3	0	2	3	3	-1	0
5	1	1	1	-1	0
1	2	1	4	2	-1	0
1	3	3	5	9	3	-1	1
1	2	4	6	2	-1	1
1	2	5	7	2	-1	1
1	2	6	8	2	-1	1
1	2	7	9	2	-1	1
1	2	4	8	2	-1	1
6	1
1	2	1	4	2	-1	0
1	2	0	2	2	-1	0
5	2	1	3	2	-1	0
1	3	2	4	5	3	-1	0
5	2	0	3	2	-1	0
3	1	3	1	-1	0
11	-1
1	2	1	6	2	-1	1
1	2	0	2	2	-1	1
1	3	1	3	4	3	-1	1
2	1	2	1	-1	0
1	2	2	5	2	-1	1
1	2	4	6	2	-1	1
1	3	0	5	7	3	-1	1
5	2	6	8	2	-1	0
1	3	7	9	10	3	-1	0
2	1	8	1	-1	0
1	1	8	1	-1	0
19	1
3	4	1	2	3	10	4	-1	0
2	1	0	1	-1	0
2	1	0	1	-1	0
5	3	0	4	7	3	-1	0
1	2	3	5	2	-1	0
1	2	4	6	2	-1	0
1	1	5	1	-1	0
1	2	3	8	2	-1	0
1	2	7	9	2	-1	0
1	1	8	1	-1	0
1	3	0	11	15	3	-1	1
1	2	10	12	2	-1	1
1	2	11	13	2	-1	1
1	3	12	14	16	3	-1	1
1	2	13	15	2	-1	1
1	2	10	14	2	-1	1
1	3	13	17	18	3	-1	0
2	1	16	1	-1	0
2	1	16	1	-1	0
5	-1
1	2	1	2	2	-1	0
0	1	0	1	-1	0
1	3	0	3	4	3	-1	0
2	1	2	1	-1	0
2	1	2	1	-1	0
18	1
1	3	1	7	9	3	-1	1
1	2	0	2	2	-1	1
1	3	1	3	4	3	-1	1
7	1	2	1	-1	0
1	2	2	5	2	-1	1
1	3	4	6	7	3	-1	1
7	1	5	1	-1	0
1	3	0	5	8	3	-1	1
7	1	7	1	-1	0
1	3	0	10	16	3	-1	1
1	2	9	11	2	-1	1
1	3	10	12	13	3	-1	1
7	1	11	1	-1	0
1	2	11	14	2	-1	1
1	3	13	15	16	3	-1	1
7	1	14	1	-1	0
1	3	9	14	17	3	-1	1
7	1	16	1	-1	0
6	1
1	3	1	2	4	3	-1	0
7	1	0	1	-1	0
1	2	0	3	2	-1	0
7	1	2	1	-1	0
1	2	0	5	2	-1	0
2	1	4	1	-1	0
9	-1
1	2	1	7	2	-1	1
1	2	0	2	2	-1	1
1	3	1	3	4	3	-1	1
5	1	2	1	-1	0
1	2	2	5	2	-1	1
1	3	4	6	7	3	-1	1
5	1	5	1	-1	0
1	3	0	5	8	3	-1	1
2	1	7	1	-1	0
5	1
1	2	1	4	2	-1	0
1	2	0	2	2	-1	0
1	2	1	3	2	-1	0
1	2	2	4	2	-1	0
2	2	0	3	2	-1	0
8	-1
1	2	1	6	2	-1	1
1	2	0	2	2	-1	1
1	2	1	3	2	-1	1
1	3	2	4	5	3	-1	1
2	1	3	1	-1	0
1	2	3	6	2	-1	1
1	3	0	5	7	3	-1	1
2	1	6	1	-1	0
19	1
1	4	1	5	7	13	4	-1	0
5	2	0	2	2	-1	0
1	3	1	3	4	3	-1	0
2	1	2	1	-1	0
5	2	2	5	2	-1	0
1	3	0	4	6	3	-1	0
2	1	5	1	-1	0
1	3	0	8	12	3	-1	1
1	2	7	9	2	-1	1
1	2	8	10	2	-1	1
1	2	9	11	2	-1	1
1	2	10	12	2	-1	1
1	2	7	11	2	-1	1
1	3	0	14	18	3	-1	1
1	2	13	15	2	-1	1
1	2	14	16	2	-1	1
1	2	15	17	2	-1	1
1	2	16	18	2	-1	1
1	2	13	17	2	-1	1
6	-1
2	1	1	1	-1	0
1	3	0	2	5	3	-1	0
1	2	1	3	2	-1	0
1	2	2	4	2	-1	0
1	2	3	5	2	-1	0
2	2	1	4	2	-1	0
23	-1
5	2	1	12	2	-1	0
5	2	0	2	2	-1	0
1	3	1	3	8	3	-1	1
1	2	2	4	2	-1	1
1	2	3	5	2	-1	1
1	3	4	6	7	3	-1	1
1	1	5	1	-1	0
1	2	5	8	2	-1	1
1	3	2	7	9	3	-1	1
5	3	8	10	11	3	0	0
2	1	9	1	-1	0
2	1	9	1	0	0
1	3	0	13	22	3	-1	1
1	3	12	14	15	3	-1	1
2	1	13	1	-1	0
1	2	13	16	2	-1	1
1	2	15	17	2	-1	1
1	3	16	18	22	3	-1	1
1	2	17	19	2	-1	1
1	2	18	20	2	-1	1
1	2	19	21	2	-1	1
1	2	20	22	2	-1	1
1	3	12	17	21	3	-1	1
36	-1
1	2	1	23	2	-1	1
1	3	0	2	6	3	-1	1
1	2	1	3	2	-1	1
1	2	2	4	2	-1	1
1	2	3	5	2	-1	1
1	2	4	6	2	-1	1
1	3	1	5	7	3	-1	1
1	3	6	8	21	3	-1	1
5	2	7	9	2	-1	0
5	2	8	10	2	-1	0
1	3	9	11	15	3	-1	1
1	2	10	12	2	-1	1
1	3	11	13	18	3	-1	1
1	2	12	14	2	-1	1
1	2	13	15	2	-1	1
1	3	10	14	16	3	-1	1
2	2	15	17	2	-1	0
1	1	16	1	-1	0
5	3	12	19	20	3	0	0
2	1	18	1	-1	0
2	1	18	1	0	0
1	3	7	22	23	3	-1	1
2	1	21	1	-1	0
1	3	0	21	24	3	-1	1
1	3	23	25	26	3	-1	0
2	1	24	1	-1	0
5	2	24	27	2	-1	0
1	3	26	28	32	3	-1	1
1	2	27	29	2	-1	1
1	2	28	30	2	-1	1
1	2	29	31	2	-1	1
1	3	30	32	33	3	-1	1
1	2	27	31	2	-1	1
5	3	31	34	35	3	0	0
2	1	33	1	-1	0
2	1	33	1	0	0
26	-1
1	2	1	14	2	-1	0
1	2	0	2	2	-1	0
1	3	1	3	8	3	-1	1
1	2	2	4	2	-1	1
1	2	3	5	2	-1	1
1	3	4	6	7	3	-1	1
5	1	5	1	-1	0
1	2	5	8	2	-1	1
1	3	2	7	9	3	-1	1
3	4	8	10	11	12	4	-1	0
2	1	9	1	-1	0
2	1	9	1	-1	0
2	2	9	13	2	-1	0
6	1	12	1	0	0
1	3	0	15	20	3	-1	1
1	2	14	16	2	-1	1
1	2	15	17	2	-1	1
1	3	16	18	19	3	-1	1
5	1	17	1	-1	0
1	2	17	20	2	-1	1
1	3	14	19	21	3	-1	1
3	4	20	22	23	24	4	-1	0
2	1	21	1	-1	0
2	1	21	1	-1	0
2	2	21	25	2	-1	0
6	1	24	1	0	0
13	-1
1	3	1	2	10	3	-1	1
0	1	0	1	-1	0
1	3	0	3	4	3	-1	1
0	1	2	1	-1	0
1	3	2	5	6	3	-1	1
0	1	4	1	-1	0
1	3	4	7	8	3	-1	1
0	1	6	1	-1	0
1	3	6	9	10	3	-1	1
0	1	8	1	-1	0
1	3	0	8	11	3	-1	1
2	2	10	12	2	-1	0
1	1	11	1	-1	0
11	1
2	2	1	2	2	-1	0
1	1	0	1	-1	0
1	3	0	3	7	3	-1	1
1	2	2	4	2	-1	1
1	2	3	5	2	-1	1
1	2	4	6	2	-1	1
1	2	5	7	2	-1	1
1	3	2	6	8	3	-1	1
5	3	7	9	10	3	0	0
2	1	8	1	-1	0
2	1	8	1	0	0
17	-1
1	3	1	5	14	3	-1	1
1	2	0	2	2	-1	1
1	2	1	3	2	-1	1
1	3	2	4	7	3	-1	1
1	3	3	5	6	3	-1	1
1	2	0	4	2	-1	1
2	1	4	1	-1	0
5	3	3	8	11	3	-1	0
1	2	7	9	2	-1	0
1	2	8	10	2	-1	0
2	1	9	1	-1	0
1	2	7	12	2	-1	0
1	2	11	13	2	-1	0
2	1	12	1	-1	0
5	3	0	15	16	3	0	0
2	1	14	1	-1	0
2	1	14	1	0	0
19	1
5	1	1	1	-1	0
1	3	0	2	12	3	-1	1
5	2	1	3	2	-1	1
1	3	2	4	5	3	-1	1
5	1	3	1	-1	0
5	2	3	6	2	-1	1
1	3	5	7	12	3	-1	1
5	2	6	8	2	-1	1
1	3	7	9	10	3	-1	1
5	1	8	1	-1	0
1	3	8	11	13	3	-1	1
5	2	10	12	2	-1	1
1	3	1	6	11	3	-1	1
1	3	10	14	18	3	-1	1
1	2	13	15	2	-1	1
1	2	14	16	2	-1	1
1	2	15	17	2	-1	1
1	2	16	18	2	-1	1
1	2	13	17	2	-1	1
11	1
1	2	1	10	2	-1	1
1	2	0	2	2	-1	1
1	2	1	3	2	-1	1
1	3	2	4	9	3	-1	1
1	2	3	5	2	-1	0
1	2	4	6	2	-1	0
1	3	5	7	8	3	-1	0
2	1	6	1	-1	0
2	2	6	9	2	-1	0
1	3	3	8	10	3	-1	1
1	2	0	9	2	-1	1
11	1
2	1	1	1	-1	0
1	3	0	2	10	3	-1	0
1	2	1	3	2	-1	0
1	2	2	4	2	-1	0
1	3	3	5	9	3	-1	1
1	2	4	6	2	-1	1
1	2	5	7	2	-1	1
1	2	6	8	2	-1	1
1	2	7	9	2	-1	1
1	3	4	8	10	3	-1	1
2	2	1	9	2	-1	0
15	-1
1	2	1	6	2	-1	1
1	2	0	2	2	-1	1
1	3	1	3	4	3	-1	1
2	1	2	1	-1	0
1	3	2	5	8	3	-1	1
1	2	4	6	2	-1	1
1	3	0	5	7	3	-1	1
0	1	6	1	-1	0
1	2	4	9	2	-1	0
1	3	8	10	14	3	-1	1
1	2	9	11	2	-1	1
1	2	10	12	2	-1	1
1	2	11	13	2	-1	1
1	2	12	14	2	-1	1
1	2	9	13	2	-1	1
20	-1
1	2	1	6	2	-1	0
1	3	0	2	3	3	-1	0
1	1	1	1	-1	0
5	3	1	4	5	3	-1	0
1	1	3	1	-1	0
1	1	3	1	-1	0
5	3	0	7	19	3	-1	0
1	3	6	8	12	3	-1	1
1	2	7	9	2	-1	1
1	2	8	10	2	-1	1
1	2	9	11	2	-1	1
1	2	10	12	2	-1	1
1	3	7	11	13	3	-1	1
3	2	12	14	2	-1	0
1	3	13	15	19	3	-1	1
1	2	14	16	2	-1	1
1	2	15	17	2	-1	1
1	2	16	18	2	-1	1
1	2	17	19	2	-1	1
1	3	6	14	18	3	-1	1
64	1
1	3	1	6	10	3	-1	1
1	3	0	2	3	3	-1	1
5	1	1	1	-1	0
1	2	1	4	2	-1	1
1	3	3	5	59	3	-1	1
1	2	4	6	2	-1	1
1	3	0	5	7	3	-1	1
1	2	6	8	2	-1	1
1	3	7	9	54	3	-1	1
1	3	8	10	21	3	-1	1
1	3	0	9	11	3	-1	1
2	2	10	12	2	-1	0
17	2	11	13	2	0	0
2	2	12	14	2	-1	0
1	3	13	15	19	3	-1	1
1	2	14	16	2	-1	1
1	3	15	17	22	3	-1	1
1	2	16	18	2	-1	1
1	2	17	19	2	-1	1
1	3	14	18	20	3	-1	1
5	2	19	21	2	-1	0
5	2	9	20	2	-1	0
1	3	16	23	34	3	-1	1
1	2	22	24	2	-1	1
1	2	23	25	2	-1	1
1	3	24	26	33	3	-1	1
5	2	25	27	2	-1	0
5	2	26	28	2	-1	0
1	3	27	29	43	3	-1	1
1	3	28	30	35	3	-1	1
2	2	29	31	2	-1	0
17	2	30	32	2	0	0
2	2	31	33	2	-1	0
1	3	25	32	34	3	-1	1
1	2	22	33	2	-1	1
1	3	29	36	41	3	-1	1
1	3	35	37	38	3	-1	1
5	1	36	1	-1	0
1	2	36	39	2	-1	1
1	3	38	40	49	3	-1	1
1	2	39	41	2	-1	1
1	3	35	40	42	3	-1	1
1	2	41	43	2	-1	1
1	3	28	42	44	3	-1	1
3	4	43	45	46	47	4	-1	0
2	1	44	1	-1	0
2	1	44	1	-1	0
2	2	44	48	2	-1	0
6	1	47	1	0	0
3	4	39	50	51	52	4	-1	0
2	1	49	1	-1	0
2	1	49	1	-1	0
2	2	49	53	2	-1	0
6	1	52	1	0	0
3	4	8	55	56	57	4	-1	0
2	1	54	1	-1	0
2	1	54	1	-1	0
2	2	54	58	2	-1	0
6	1	57	1	0	0
3	4	4	60	61	62	4	-1	0
2	1	59	1	-1	0
2	1	59	1	-1	0
2	2	59	63	2	-1	0
6	1	62	1	0	0
11	-1
1	1	1	1	-1	0
1	3	0	2	3	3	-1	0
2	1	1	1	-1	0
2	2	1	4	2	-1	0
1	2	3	5	2	-1	0
1	3	4	6	10	3	-1	1
1	2	5	7	2	-1	1
1	2	6	8	2	-1	1
1	2	7	9	2	-1	1
1	2	8	10	2	-1	1
1	2	5	9	2	-1	1
26	-1
2	1	1	1	-1	0
4	4	0	2	10	18	4	-1	0
2	2	1	3	2	-1	0
1	3	2	4	8	3	-1	1
1	2	3	5	2	-1	1
1	2	4	6	2	-1	1
1	2	5	7	2	-1	1
1	2	6	8	2	-1	1
1	3	3	7	9	3	-1	1
1	1	8	1	-1	0
2	2	1	11	2	-1	0
1	3	10	12	16	3	-1	1
1	2	11	13	2	-1	1
1	2	12	14	2	-1	1
1	2	13	15	2	-1	1
1	2	14	16	2	-1	1
1	3	11	15	17	3	-1	1
1	1	16	1	-1	0
2	2	1	19	2	-1	0
1	3	18	20	24	3	-1	1
1	2	19	21	2	-1	1
1	2	20	22	2	-1	1
1	2	21	23	2	-1	1
1	2	22	24	2	-1	1
1	3	19	23	25	3	-1	1
1	1	24	1	-1	0
25	-1
1	4	1	2	3	4	4	-1	0
1	1	0	1	-1	0
1	1	0	1	-1	0
1	1	0	1	-1	0
1	3	0	5	23	3	-1	1
1	2	4	6	2	-1	1
1	3	5	7	20	3	-1	1
3	2	6	8	2	-1	0
1	3	7	9	14	3	-1	1
1	2	8	10	2	-1	1
1	3	9	11	16	3	-1	1
1	3	10	12	13	3	-1	1
2	1	11	1	-1	0
1	2	11	14	2	-1	1
1	3	8	13	15	3	-1	1
1	1	14	1	-1	0
1	4	10	17	18	19	4	-1	0
1	1	16	1	-1	0
1	1	16	1	-1	0
1	1	16	1	-1	0
1	3	6	21	22	3	-1	1
1	1	20	1	-1	0
1	2	20	23	2	-1	1
1	3	4	22	24	3	-1	1
2	1	23	1	-1	0
5	1
2	1	1	1	-1	0
1	4	0	2	3	4	4	-1	0
1	1	1	1	-1	0
1	1	1	1	-1	0
1	1	1	1	-1	0
11	-1
0	1	1	1	-1	0
1	4	0	2	3	9	4	-1	0
0	1	1	1	-1	0
1	3	1	4	5	3	-1	0
0	1	3	1	-1	0
1	3	3	6	7	3	-1	0
0	1	5	1	-1	0
1	3	5	8	9	3	-1	0
0	1	7	1	-1	0
1	3	1	7	10	3	-1	0
0	1	9	1	-1	0
30	-1
1	4	1	2	3	8	4	-1	0
1	1	0	1	-1	0
1	1	0	1	-1	0
1	2	0	4	2	-1	0
1	4	3	5	6	7	4	-1	0
1	1	4	1	-1	0
1	1	4	1	-1	0
1	1	4	1	-1	0
1	3	0	9	29	3	-1	1
1	2	8	10	2	-1	1
1	2	9	11	2	-1	1
1	3	10	12	28	3	-1	1
2	2	11	13	2	-1	0
1	2	12	14	2	-1	0
1	2	13	15	2	-1	0
2	2	14	16	2	-1	0
1	2	15	17	2	-1	0
1	2	16	18	2	-1	0
5	4	17	19	20	21	4	0	0
1	1	18	1	-1	0
1	1	18	1	-1	0
1	2	18	22	2	-1	0
1	3	21	23	27	3	-1	1
1	2	22	24	2	-1	1
1	2	23	25	2	-1	1
1	2	24	26	2	-1	1
1	2	25	27	2	-1	1
1	2	22	26	2	-1	1
1	2	11	29	2	-1	1
1	2	8	28	2	-1	1
17	1
1	3	1	5	11	3	-1	0
1	3	0	2	3	3	-1	0
2	1	1	1	-1	0
2	2	1	4	2	-1	0
1	1	3	1	-1	0
1	3	0	6	10	3	-1	1
1	2	5	7	2	-1	1
1	2	6	8	2	-1	1
1	2	7	9	2	-1	1
1	2	8	10	2	-1	1
1	2	5	9	2	-1	1
1	3	0	12	16	3	-1	0
1	2	11	13	2	-1	0
1	2	12	14	2	-1	0
1	2	13	15	2	-1	0
1	2	14	16	2	-1	0
5	2	11	15	2	-1	0
12	-1
1	2	1	5	2	-1	1
1	2	0	2	2	-1	1
1	3	1	3	9	3	-1	1
1	2	2	4	2	-1	1
1	2	3	5	2	-1	1
1	3	0	4	6	3	-1	1
1	3	5	7	8	3	-1	0
2	1	6	1	-1	0
2	1	6	1	-1	0
5	3	2	10	11	3	0	0
2	1	9	1	-1	0
2	1	9	1	0	0
22	-1
1	1	1	1	-1	0
5	3	0	2	18	3	-1	0
1	3	1	3	21	3	-1	0
1	2	2	4	2	-1	0
1	3	3	5	17	3	-1	0
2	2	4	6	2	-1	0
1	3	5	7	8	3	-1	0
2	1	6	1	-1	0
1	3	6	9	11	3	-1	0
1	2	8	10	2	-1	0
2	1	9	1	-1	0
1	3	8	12	16	3	-1	1
1	2	11	13	2	-1	1
1	2	12	14	2	-1	1
1	2	13	15	2	-1	1
1	2	14	16	2	-1	1
1	2	11	15	2	-1	1
1	2	4	18	2	-1	0
1	3	1	17	19	3	-1	0
1	3	18	20	21	3	-1	0
2	2	19	21	2	-1	0
1	3	2	19	20	3	-1	0
3	-1
1	2	1	2	2	-1	0
1	1	0	1	-1	0
5	1	0	1	-1	0
7	1
1	3	1	2	3	3	-1	0
1	1	0	1	-1	0
1	1	0	1	-1	0
1	2	0	4	2	-1	0
2	2	3	5	2	-1	0
5	2	4	6	2	-1	0
2	1	5	1	-1	0
6	1
1	3	1	2	3	3	-1	0
8	1	0	1	-1	0
8	1	0	1	-1	0
1	3	0	4	5	3	-1	0
8	1	3	1	-1	0
8	1	3	1	-1	0
9	1
1	4	1	3	5	7	4	-1	0
1	2	0	2	2	-1	0
7	1	1	1	-1	0
1	2	0	4	2	-1	0
7	1	3	1	-1	0
1	2	0	6	2	-1	0
2	1	5	1	-1	0
1	2	0	8	2	-1	0
2	1	7	1	-1	0
22	-1
1	3	1	7	21	3	-1	1
1	3	0	2	16	3	-1	1
1	2	1	3	2	-1	1
1	2	2	4	2	-1	1
1	3	3	5	7	3	-1	1
2	2	4	6	2	-1	0
1	1	5	1	-1	0
1	3	0	4	8	3	-1	1
2	2	7	9	2	-1	0
1	3	8	10	21	3	-1	0
1	3	9	11	12	3	-1	0
2	1	10	1	-1	0
1	2	10	13	2	-1	0
1	2	12	14	2	-1	0
1	3	13	15	21	3	-1	0
1	3	14	16	17	3	-1	0
1	2	1	15	2	-1	0
5	3	15	18	19	3	-1	0
1	1	17	1	-1	0
1	2	17	20	2	-1	0
1	2	19	21	2	-1	0
1	4	0	9	14	20	4	-1	0
13	-1
1	1	1	1	-1	0
1	3	0	2	12	3	-1	0
1	2	1	3	2	-1	0
1	4	2	4	5	6	4	-1	0
1	1	3	1	-1	0
1	1	3	1	-1	0
5	2	3	7	2	-1	0
1	3	6	8	12	3	-1	1
1	2	7	9	2	-1	1
1	2	8	10	2	-1	1
1	2	9	11	2	-1	1
1	2	10	12	2	-1	1
1	3	1	7	11	3	-1	1
28	1
3	4	1	2	3	10	4	-1	0
2	1	0	1	-1	0
2	1	0	1	-1	0
5	2	0	4	2	-1	0
1	3	3	5	9	3	-1	1
1	2	4	6	2	-1	1
1	2	5	7	2	-1	1
1	2	6	8	2	-1	1
1	2	7	9	2	-1	1
5	2	4	8	2	-1	1
1	3	0	11	15	3	-1	1
1	2	10	12	2	-1	1
1	2	11	13	2	-1	1
1	3	12	14	16	3	-1	1
1	2	13	15	2	-1	1
1	2	10	14	2	-1	1
5	2	13	17	2	-1	0
5	2	16	18	2	-1	0
1	3	17	19	24	3	-1	1
1	2	18	20	2	-1	1
1	2	19	21	2	-1	1
1	3	20	22	23	3	-1	1
2	1	21	1	-1	0
1	3	21	24	25	3	-1	1
1	2	18	23	2	-1	1
1	3	23	26	27	3	-1	0
2	1	25	1	-1	0
2	1	25	1	-1	0
12	-1
1	4	1	2	3	4	4	-1	0
1	1	0	1	-1	0
1	1	0	1	-1	0
1	1	0	1	-1	0
1	3	0	5	10	3	-1	1
1	2	4	6	2	-1	1
1	3	5	7	8	3	-1	1
2	1	6	1	-1	0
1	2	6	9	2	-1	1
1	2	8	10	2	-1	1
1	3	4	9	11	3	-1	1
2	1	10	1	-1	0
4	1
1	1	1	1	-1	0
5	3	0	2	3	3	0	0
2	1	1	1	-1	0
2	1	1	1	0	0
13	-1
1	3	1	2	7	3	-1	1
1	1	0	1	-1	0
1	2	0	3	2	-1	1
1	3	2	4	5	3	-1	1
1	1	3	1	-1	0
1	2	3	6	2	-1	1
1	3	5	7	8	3	-1	1
1	2	0	6	2	-1	1
3	4	6	9	10	11	4	-1	0
2	1	8	1	-1	0
2	1	8	1	-1	0
2	2	8	12	2	-1	0
6	1	11	1	0	0
24	1
1	4	1	5	10	17	4	-1	0
2	2	0	2	2	-1	0
1	3	1	3	4	3	-1	0
2	1	2	1	-1	0
1	3	2	5	9	3	-1	1
1	3	0	4	6	3	-1	1
1	2	5	7	2	-1	1
1	2	6	8	2	-1	1
1	2	7	9	2	-1	1
1	2	4	8	2	-1	1
1	3	0	11	16	3	-1	1
1	2	10	12	2	-1	1
1	2	11	13	2	-1	1
1	3	12	14	15	3	-1	1
2	1	13	1	-1	0
1	2	13	16	2	-1	1
1	2	10	15	2	-1	1
1	3	0	18	23	3	-1	1
1	2	17	19	2	-1	1
1	2	18	20	2	-1	1
1	3	19	21	22	3	-1	1
2	1	20	1	-1	0
1	2	20	23	2	-1	1
1	2	17	22	2	-1	1
8	1
1	2	1	2	2	-1	0
1	1	0	1	-1	0
1	3	0	3	7	3	-1	1
1	2	2	4	2	-1	1
1	2	3	5	2	-1	1
1	2	4	6	2	-1	1
1	2	5	7	2	-1	1
1	2	2	6	2	-1	1
5	1
1	1	1	1	-1	0
1	3	0	2	3	3	-1	0
0	1	1	1	-1	0
1	2	1	4	2	-1	0
1	1	3	1	-1	0
6	1
1	2	1	5	2	-1	1
1	2	0	2	2	-1	1
5	2	1	3	2	-1	1
1	2	2	4	2	-1	1
1	2	3	5	2	-1	1
1	2	0	4	2	-1	1
5	-1
1	3	1	2	3	3	-1	0
1	1	0	1	-1	0
1	1	0	1	-1	0
1	2	0	4	2	-1	0
2	1	3	1	-1	0
13	-1
2	1	1	1	-1	0
1	3	0	2	9	3	-1	0
5	3	1	3	4	3	-1	0
1	1	2	1	-1	0
1	3	2	5	6	3	-1	0
2	1	4	1	-1	0
5	3	4	7	8	3	-1	0
1	1	6	1	-1	0
1	3	6	9	12	3	-1	0
1	3	1	8	10	3	-1	0
5	2	9	11	2	-1	0
1	2	10	12	2	-1	0
5	2	8	11	2	-1	0
3	-1
1	2	1	2	2	-1	0
1	1	0	1	-1	0
2	1	0	1	-1	0
5	1
1	2	1	4	2	-1	0
1	2	0	2	2	-1	0
1	2	1	3	2	-1	0
2	2	2	4	2	-1	0
1	2	0	3	2	-1	0
16	1
1	3	1	2	7	3	-1	0
2	1	0	1	-1	0
5	2	0	3	2	-1	0
1	2	2	4	2	-1	0
5	2	3	5	2	-1	0
1	3	4	6	7	3	-1	0
2	1	5	1	-1	0
1	4	0	5	8	10	4	-1	0
1	2	7	9	2	-1	0
1	1	8	1	-1	0
1	3	7	11	15	3	-1	1
1	2	10	12	2	-1	1
1	2	11	13	2	-1	1
1	2	12	14	2	-1	1
1	2	13	15	2	-1	1
1	2	10	14	2	-1	1
5	-1
1	3	1	2	3	3	-1	0
1	1	0	1	-1	0
2	1	0	1	-1	0
1	2	0	4	2	-1	0
0	1	3	1	-1	0
7	1
5	2	1	4	2	-1	0
1	2	0	2	2	-1	0
1	2	1	3	2	-1	0
2	1	2	1	-1	0
1	2	0	5	2	-1	0
1	2	4	6	2	-1	0
2	1	5	1	-1	0
19	1
1	1	1	1	-1	0
1	2	0	2	2	-1	0
1	2	1	3	2	-1	0
1	2	2	4	2	-1	0
1	2	3	5	2	-1	0
1	2	4	6	2	-1	0
1	2	5	7	2	-1	0
1	2	6	8	2	-1	0
1	2	7	9	2	-1	0
1	2	8	10	2	-1	0
1	2	9	11	2	-1	0
1	2	10	12	2	-1	0
5	3	11	13	16	3	-1	0
1	2	12	14	2	-1	0
1	2	13	15	2	-1	0
2	1	14	1	-1	0
1	2	12	17	2	-1	0
1	2	16	18	2	-1	0
2	1	17	1	-1	0
24	-1
1	2	1	8	2	-1	0
1	2	0	2	2	-1	0
1	2	1	3	2	-1	0
1	2	2	4	2	-1	0
1	2	3	5	2	-1	0
1	2	4	6	2	-1	0
1	2	5	7	2	-1	0
1	1	6	1	-1	0
1	2	0	9	2	-1	0
1	2	8	10	2	-1	0
1	2	9	11	2	-1	0
1	2	10	12	2	-1	0
1	2	11	13	2	-1	0
1	2	12	14	2	-1	0
1	2	13	15	2	-1	0
1	2	14	16	2	-1	0
1	2	15	17	2	-1	0
1	3	16	18	19	3	-1	0
2	1	17	1	-1	0
5	3	17	20	22	3	-1	0
1	2	19	21	2	-1	0
1	1	20	1	-1	0
1	2	19	23	2	-1	0
1	1	22	1	-1	0
7	-1
1	2	1	2	2	-1	0
2	1	0	1	-1	0
1	3	0	3	6	3	-1	0
1	2	2	4	2	-1	0
1	2	3	5	2	-1	0
1	2	4	6	2	-1	0
2	2	2	5	2	-1	0
8	1
1	1	1	1	-1	0
1	2	0	2	2	-1	0
1	2	1	3	2	-1	0
1	2	2	4	2	-1	0
2	2	3	5	2	-1	0
1	2	4	6	2	-1	0
1	2	5	7	2	-1	0
2	1	6	1	-1	0
4	-1
1	1	1	1	-1	0
1	3	0	2	3	3	-1	0
1	1	1	1	-1	0
1	1	1	1	-1	0
7	-1
1	2	1	2	2	-1	0
2	1	0	1	-1	0
1	2	0	3	2	-1	0
1	2	2	4	2	-1	0
1	2	3	5	2	-1	0
1	2	4	6	2	-1	0
2	1	5	1	-1	0
13	1
2	2	1	2	2	-1	0
1	1	0	1	-1	0
1	3	0	3	10	3	-1	1
1	2	2	4	2	-1	1
1	3	3	5	8	3	-1	1
1	2	4	6	2	-1	0
1	2	5	7	2	-1	0
1	1	6	1	-1	0
1	2	4	9	2	-1	1
1	2	8	10	2	-1	1
1	3	2	9	11	3	-1	1
2	2	10	12	2	-1	0
1	1	11	1	-1	0
20	-1
1	3	1	7	18	3	-1	1
1	3	0	2	3	3	-1	1
2	1	1	1	-1	0
1	2	1	4	2	-1	1
1	3	3	5	6	3	-1	1
2	1	4	1	-1	0
1	2	4	7	2	-1	1
1	3	0	6	8	3	-1	1
1	3	7	9	10	3	-1	0
2	1	8	1	-1	0
1	3	8	11	17	3	-1	1
1	2	10	12	2	-1	1
1	3	11	13	14	3	-1	1
1	1	12	1	-1	0
1	2	12	15	2	-1	1
1	3	14	16	17	3	-1	1
2	1	15	1	-1	0
1	3	10	15	18	3	-1	1
1	3	0	17	19	3	-1	0
2	1	18	1	-1	0
16	1
1	3	1	5	14	3	-1	1
1	2	0	2	2	-1	1
1	2	1	3	2	-1	1
1	2	2	4	2	-1	1
1	2	3	5	2	-1	1
1	3	0	4	6	3	-1	1
1	3	5	7	8	3	-1	0
2	1	6	1	-1	0
1	3	6	9	13	3	-1	1
1	2	8	10	2	-1	1
1	2	9	11	2	-1	1
1	2	10	12	2	-1	1
1	2	11	13	2	-1	1
1	3	8	12	14	3	-1	1
1	3	0	13	15	3	-1	0
2	1	14	1	-1	0
50	1
1	3	1	2	3	3	-1	0
2	1	0	1	-1	0
2	1	0	1	-1	0
1	2	0	4	2	-1	0
1	3	3	5	47	3	-1	0
1	2	4	6	2	-1	0
1	3	5	7	8	3	-1	0
2	1	6	1	-1	0
2	2	6	9	2	-1	0
1	3	8	10	16	3	-1	0
1	3	9	11	12	3	-1	0
1	1	10	1	-1	0
1	2	10	13	2	-1	0
1	2	12	14	2	-1	0
1	2	13	15	2	-1	0
1	1	14	1	-1	0
1	3	9	17	35	3	-1	0
1	2	16	18	2	-1	0
1	3	17	19	20	3	-1	0
1	1	18	1	-1	0
1	2	18	21	2	-1	0
1	3	20	22	23	3	-1	0
2	1	21	1	-1	0
1	2	21	24	2	-1	0
1	2	23	25	2	-1	0
1	2	24	26	2	-1	0
1	2	25	27	2	-1	0
1	3	26	28	29	3	-1	0
2	1	27	1	-1	0
1	2	27	30	2	-1	0
1	3	29	31	32	3	-1	0
2	1	30	1	-1	0
1	3	30	33	34	3	-1	0
1	1	32	1	-1	0
5	1	32	1	-1	0
2	2	16	36	2	-1	0
1	3	35	37	38	3	-1	0
2	1	36	1	-1	0
1	2	36	39	2	-1	0
1	3	38	40	44	3	-1	0
1	2	39	41	2	-1	0
1	3	40	42	43	3	-1	0
2	1	41	1	-1	0
2	1	41	1	-1	0
1	3	39	45	46	3	-1	0
2	1	44	1	-1	0
2	1	44	1	-1	0
1	3	4	48	49	3	-1	0
2	1	47	1	-1	0
2	1	47	1	-1	0
2	1
18	1	1	1	0	0
4	1	0	1	-1	0
17	-1
3	4	1	2	3	10	4	-1	0
2	1	0	1	-1	0
2	1	0	1	-1	0
1	3	0	4	9	3	-1	1
1	2	3	5	2	-1	1
1	2	4	6	2	-1	1
1	3	5	7	8	3	-1	1
0	1	6	1	-1	0
1	2	6	9	2	-1	1
1	2	3	8	2	-1	1
1	3	0	11	16	3	-1	1
1	2	10	12	2	-1	1
1	2	11	13	2	-1	1
1	3	12	14	15	3	-1	1
0	1	13	1	-1	0
1	2	13	16	2	-1	1
1	2	10	15	2	-1	1
